61.2945724069261
65.1151256596260
53.6592419887349
68.1106917586696
61.8550018505850
55.7706389638751
63.4728431312270
63.8218125039314
67.0422256590622
61.5631583189846
62.7856801035612
67.4092168074237
52.7282988203759
64.8662773909526
57.6217127127012
58.2571105327277
63.1347397870381
56.4714922210547
68.0387439283542
56.6536630938771
53.0051264466210
47.9140183570920
63.5724481536293
65.5518719109911
62.1852707943382
57.7898559978582
64.6849033298450
66.2592417173678
61.9619103809860
63.3448805523460
67.5116096988278
