63.2981818516853
61.0399065360339
65.6808268243274
62.6978084510172
57.0771601148293
66.3099695435129
60.7957823322216
61.0114526440450
60.7285353065488
69.3728388880763
68.5733105107364
62.9116517469368
65.9955291297257
62.2834987303637
65.8926992202592
60.8896905392161
58.6964300072043
67.1002218734333
61.7800919636728
66.6568908429281
67.6293890682189
68.1306251681775
69.5454992857600
59.2985260244678
58.2176600762826
54.6541981685856
60.3528252646382
59.0962653030684
68.2520541865693
68.2377620579432
64.2434416731412
