64.3860585882999
63.7338881840768
64.5093223474391
68.4062998352564
63.7001106703472
68.0870556711118
69.3419556894487
69.7486838905283
64.4457884408155
68.8732485915445
59.2595751672507
64.3952615790089
62.8575925117868
51.6022654116660
68.9744108982685
67.3381349354346
69.7636430449013
67.5810013604138
65.7794203435959
69.3438921127440
66.9300894643759
68.1617501761006
58.1287350032070
68.9294762669028
66.8385453390725
68.3988541229991
67.1637258390420
66.0907545379647
69.6266702523303
69.6224755741449
63.8415022777759
