65.3663519778082
68.0704570961397
66.3922556190263
63.2923767661358
65.7331631044385
63.9355851216276
64.5863341932786
62.1896424014584
65.8538265318579
66.8655814201386
57.5220860803985
68.4612685110512
55.2344482028255
65.7195132224783
66.7762853591692
68.1909310145345
64.7356983463099
66.1067269313952
64.5725319835570
64.0305254831825
55.6919828607304
62.4601802066074
67.2880944370935
68.1825156049076
60.7140525271042
63.5652894640889
59.3109548863509
67.3819615053095
51.9967843617119
67.5025794448068
63.9048191591462
