68.2386131938415
68.4813705580132
63.1530877826359
65.1444543086009
61.6770106004944
67.4277672967559
65.8061555060731
64.1900400841324
68.6234293682200
65.1323092691334
55.0159176437479
59.5953876564328
64.3916065164886
66.1091990231832
66.0826540713627
62.6204375895759
66.2126998550059
67.7472140097686
66.4571306319322
66.1441895793831
67.4344644460918
58.2651043222763
65.4243081222325
56.9758853121548
60.0248171153337
59.9249254554172
65.6766690600589
63.9863929608063
64.3258985701608
62.6393938177036
68.7263724995036
