64.7293789887373
65.2666486864138
65.5997437470448
58.4817121247496
67.5919622137352
67.9086189642850
66.9307124560111
66.3574259110913
51.0091634006450
61.1561803976129
66.0154146323123
59.1891186133691
68.7955178749989
67.0963095655344
64.5556814725499
64.9931359095954
64.6567444017309
64.2893037191041
69.4047001794131
66.3070590521642
66.4186892283116
53.3256345607077
64.9299103584914
68.4004442738481
67.1807442805248
55.9776471675973
67.7294928917575
62.4110591425908
65.6527179171037
63.5149074600214
60.8962582141144
