67.3671619165495
61.6867295486253
69.8669676481225
68.2567972939862
58.8897172346771
66.0066175620981
63.6745776883532
67.3907796666022
59.4485292166539
67.0662656147402
66.8679346753060
68.0069256950135
63.0253426807759
69.9234728570181
68.4671149284507
65.9372989272396
68.7480479951577
63.9260126254170
67.4324068142735
67.3178884363740
66.8881815079056
44.0119158300789
68.8760821389407
67.5855395720895
69.2766326894840
66.1186654761488
53.7853654629106
64.2479119414459
65.7774808319147
56.5149012241332
62.6120912658157
