68.3354228984741
66.0901856202011
55.0227230317429
60.8495584568523
67.0582726067138
63.6889795148743
69.2763315775800
67.5641646773483
67.0563195937818
69.1741206779587
68.8205863770850
54.2343126811866
58.5281184759805
67.1656340542816
68.7224342420680
65.0091155229293
69.4669985015232
66.7772767048087
68.3810299234495
63.8415971443949
69.5399372520706
67.3370809983257
62.6118293729501
61.3711860814476
67.3552879607884
67.7115434391095
67.3590146647993
63.8496982639592
64.1925963340034
58.8495637824738
60.5738722070877
