57.7230326613105
66.4357383234973
66.6513685666179
64.8887698313716
69.1810234652462
63.3968279762225
69.0171705737131
68.5871356887128
51.4313893636756
66.4887030900155
65.1694891183651
66.1215294889818
67.3206067592856
68.2762984192733
66.1072632390613
67.5520364834010
66.7854447717780
60.4179300126893
60.4403324629109
68.1710573589290
65.4246045203488
65.8957605229060
67.4349962253224
67.3495384675696
65.3931307376009
68.5358952951912
65.5823063239729
67.4104340679550
61.6283333804891
61.0283064028522
62.8019917465555
