69.6755337324429
58.8375792468733
66.1782405592200
68.2704691009570
67.5105420700069
68.9531094207743
60.5192912342957
60.4540407007719
66.9508452528623
68.1056412657954
64.7021070307436
69.7660936818638
69.3219495995490
68.3355151973815
65.2498480405955
58.2722651954980
65.5760162135314
64.2308238472984
61.3853376015069
69.7890189098134
65.7018440061136
59.4388971318964
63.5460115171082
69.6936598203347
69.0265959320137
59.3676894291522
64.9662202955998
67.6860346955312
68.2490185712074
69.1407478187254
63.3718007808706
