61.1127104544641
66.2670055535147
65.4699573680698
60.7435251637446
64.0655737021902
60.2960082357555
63.4044160106463
58.7989942546226
65.4071785266335
66.3247722903370
54.9432828014463
67.9697243404523
56.2298208553325
63.7321697568060
64.7647154458049
66.7349450670678
63.7010113922859
64.4395660375296
59.7833765399470
59.0738993051570
52.7815607696308
61.2930823291933
64.4186125957645
66.8647612363511
60.7759537533895
60.2775587055146
64.5164903839665
66.7125419021889
55.5431206746508
58.9279938477680
61.5992126119697
