67.2655739906543
66.8256770945076
65.0721463226895
65.1899087948836
67.2276787055227
63.5136891772092
62.4484347881488
67.3517105234478
64.4734583651639
61.6051978198115
64.2439900064496
67.1607608426255
61.4496404676549
67.4536645514757
68.8403487555925
55.9755555315437
59.8947888788918
65.1029930928615
61.9680288892095
69.2574332341287
65.6879295199901
59.6254240993084
65.8466787216431
68.0459961362886
65.1587768039536
61.4767333908403
69.7587111458486
68.4413839232291
62.4453599855073
63.8468517560737
66.5161317672015
