67.7768491871553
64.4370939698472
60.0655678431208
67.3476615001869
66.4381889774117
56.6451812250657
64.0068613160468
60.5209287902575
61.1793848195358
62.7649369835314
64.1343390282832
68.1166139400766
57.9575722999251
65.3158289475015
64.3135845734602
64.4582800128894
65.3923399376397
66.8211746072358
66.8398998723985
67.7521951756234
69.3474878421687
68.3647618177702
68.0541493116503
67.1735330257113
68.3764295669176
67.6776116423086
69.7894767862223
58.3695027542071
61.5923204037026
60.6303694307182
53.1422998921436
