66.4944499783164
62.5377007269003
66.3084368703262
64.7369060988989
62.7018885662073
69.3646627810019
67.5361150626463
64.1809521362618
68.7065294314938
62.8620097438814
59.6459315359534
63.2329144497527
68.1188812751396
68.8024288070414
66.9532808003982
62.9708228253532
47.4043429032178
63.2418288022101
55.9378209153752
61.6705497345429
59.8512675635891
62.0481701570760
63.9353559770569
63.0066207497936
62.6975391872467
52.1975454605878
62.8781576893026
56.9482327537645
63.0318453895188
68.7253845407871
66.9206214173931
