67.0731462177017
59.9560778603217
69.3170509767976
57.8034646577270
69.7255020670988
61.9400422631071
68.6892763932574
67.6392650288119
50.7132097364158
68.8044892195335
65.6918966490566
69.5226859833232
58.8662197228824
62.9513000993704
55.2385422617724
66.2634496153119
55.5242674159710
66.5533398701555
61.3435104419786
62.9770894333177
57.1694607003805
68.4310103902026
57.3364146417170
63.9796525963149
63.2720410607411
61.5790001168909
68.4163219341852
56.5982085317180
68.7362077007846
69.6495928733933
55.5042452042314
