69.1649174527682
60.7417783343654
69.2492425693896
60.6353944250111
69.1728802394742
69.5096639317808
64.7428494832194
59.0980780264563
60.8882868044606
62.7308750947344
59.2332230413456
65.3751171475723
66.8721830869620
68.9538283223713
56.5388777859871
65.8165568703589
67.7176785632889
68.9012485939167
62.4992724828148
68.9041744397886
65.8580714451299
58.3624927845174
61.1656576904084
55.7484753149214
63.8804979501051
63.9594784512764
57.8328702212799
64.0342877766649
45.5648205308235
65.5024040155591
65.7087966571673
