57.5950526592420
69.3163513681095
68.7289202565985
66.5690732420049
65.3713827607090
68.9408031147677
68.8858189631068
67.5377114775171
62.7332651143249
57.1711275098081
65.8797872818777
58.6122861741345
66.8291956433683
66.6319095074184
49.9870017289261
65.3003648658579
66.9957886004020
65.9226694561187
68.8979777617989
49.1142334991086
59.3689887452813
67.1271840195228
65.6853149554956
64.7657339350486
64.9094364097376
64.5658599257335
51.5252546304590
64.3523162468972
47.5297475414285
67.7307115263063
62.1269766234821
