49.3424082433321
69.3020930462523
66.3531968283352
63.6176498469081
56.1517528675265
61.0803645418147
68.4709376218396
59.4800785319986
56.3935809107703
62.0663795410647
64.1967738107200
67.1032472803853
62.4881825473572
53.6827023530017
57.9735995272846
55.9254628385059
62.5049162772843
62.3850036353683
65.9743133270989
55.3418825227306
65.0116242668062
47.4023480915407
61.4090024992193
68.2904383864877
64.5773942973210
67.9939422272036
62.8064113172049
63.8959168333802
51.9774843171996
69.9215926462160
64.3506762220058
