68.0960405922005
61.7699220407783
67.1691997092382
69.0511632567944
66.1524013354399
65.1763251111030
66.6648787262276
50.3754160873731
52.3044600099412
67.1318012993984
55.7899476355475
64.1024083874380
59.5569222019908
58.4937367665304
58.3505400312639
64.4734453056674
65.5251366048434
45.6294840725335
67.2677639664469
58.6209786420650
69.3134866360926
66.0411181399264
67.0411454318077
63.2273082172542
65.9952050875354
66.8695501061102
62.3311335639045
66.9723774510592
56.0829896512305
64.0960223209998
65.1307357845137
