56.2099083976855
54.5626084699563
66.2597385824904
55.9217736723053
69.2905332278964
56.0804191429432
50.2452285514426
67.1504507889258
62.1327012980147
45.2814439702619
55.6447896678709
65.7759152570124
67.2813254794939
53.0151539237824
61.9714558506149
64.2278730997071
62.0376437924000
69.3805009740843
56.5830359605661
48.8261370231755
62.2065901118555
62.2474404785548
49.3137678781128
68.3798103248246
58.4684360696175
65.0190531207783
42.8520094136316
67.3536426011296
57.6716055505576
55.9685949405690
29.3233025202575
