61.2775664448131
58.6550405511818
55.3862093618094
53.9231555663305
60.1475154062477
64.1467493247216
64.2850378603195
61.7820241564384
48.8995908429879
62.0699635155493
63.9465228255658
67.8897114741417
61.8655354154174
58.7865665124805
60.2057450513979
65.9802644750785
67.0827477480765
67.4840822249876
68.3311154764698
67.7601146932087
61.5223285688558
66.2429458418836
63.6493186263745
58.8943952326024
59.0915688536017
63.6684300651818
60.3885753994787
61.8019753033483
62.7563862726905
69.6652915805977
58.4154441709115
