67.9998620983825
68.6027314107132
63.4057268240239
54.9769059077861
64.1031390209550
68.5437970071635
65.4669258742893
61.3879091499907
66.4866846020611
58.1065386988875
63.0613000380481
67.2774208481158
68.4204283000605
63.9368362128334
64.3408789866424
58.3394027448520
65.8577910344780
63.6222432679107
60.7371878248494
67.4501782651350
68.7692859844471
64.9641210556195
64.2383910184960
45.0755244139551
56.8093760448354
65.7655806629063
55.1477737964856
62.3667074553757
55.1357413901930
64.6257286275698
60.2571939028036
