44.4684675182332
68.5380368829125
55.0756365734573
66.1550560618011
59.6630270173988
58.9364783417880
65.8330851186198
65.5661390789128
39.2349983882335
63.4814686491247
65.6833325303179
64.8499478124207
57.0592223489120
68.0537445148011
52.3155608392275
54.8523679312332
63.9315232331505
53.2129802222768
53.2954321945526
66.8136673740496
59.7583763053813
52.2426942792229
59.9517925368023
69.0837981624259
55.7313833847067
52.6410616758332
58.4620639286955
61.6303492413171
60.4379520998047
66.7657084032710
68.0748495201348
