66.5020745678755
62.5456356258844
61.7957728111463
51.4730115879080
61.9117871626366
58.5670789933551
67.7899070288426
67.0563887248043
43.2069790668168
57.6450228401864
63.8412428412844
66.9924435216432
49.3118901338904
50.6833925828075
61.7308197462078
66.7321084460396
56.1463751881240
47.5579793738922
64.0341301041430
63.8721063088188
68.7254856168895
67.8980757373136
56.2664384545058
61.0006118914043
61.6830100343279
64.3034070769440
62.0016322752157
62.5846102574346
57.3983885255598
69.2334991461624
67.2105069738941
