58.8503171864706
68.4103972679293
65.2605288778165
63.4173522232293
64.2413539816707
58.9469383166947
62.8368469887990
63.7703884924122
64.5643901251180
60.3475610333811
68.6275500024956
57.8838798754269
56.0556663353469
57.0551986184058
61.9505754633916
63.7164611579176
61.1272797025420
67.3368030442239
66.9399593907933
68.0516439211247
62.3459250769096
59.1936093957888
67.0467104537573
67.0570012791484
67.4746148384988
56.8990507702513
67.7785735989971
65.7514026356778
68.0980289180593
69.0807379413394
62.5603131223612
