68.0967343849573
63.4849790902920
54.3891402849913
55.5690257556618
66.3973452809147
57.8555081254578
67.3833697689541
59.3111698734777
46.9676748526982
56.8250080860409
60.9197596307569
63.1591664820933
63.4541394298883
61.8214113162024
59.4928878271728
65.7339257359298
68.9908732061291
61.5783751986961
65.7212325355225
61.6421190986409
63.4131460505272
66.9633296378741
65.9294273688816
67.0077948734918
52.7903574511868
65.8651138130360
55.5939057536735
60.0043835209354
59.9911251153958
65.4737610057238
62.1617325533370
