65.8373562704532
47.6628420960920
60.9470022142613
55.2763967914189
62.7082729104227
62.5881020286160
62.5346282099247
67.6088798359144
47.3028841748042
54.5379893113202
67.1059574413796
65.0220724029735
66.8720876363448
58.1587194081532
63.0927705847478
67.6790650339527
64.3168987736723
66.0572251997651
64.5764448292870
62.4170075657028
61.7043515597802
65.6169021396235
61.7807492760857
68.8484773786057
46.0147872438038
52.8863780127191
64.6447688473133
63.7766148322482
68.3959215141602
66.7912564963231
60.1443361828588
