67.8106327026570
65.9795531919113
61.3705358586431
53.4079030779281
63.5021898979746
68.6417105533445
64.6700146127012
60.1126575142124
65.9674029303474
52.6419984974117
59.6749122134807
64.7941715673488
66.5300298689317
62.9539047461898
64.4134405286204
57.9065375319037
62.2360677758286
63.4442220068806
62.7689528426867
66.0269374912102
67.1386859231694
67.7010768310556
64.9815307417690
43.6511698698296
56.8711327704076
62.7386022696308
53.9310613804526
61.0042802076566
53.5690923529871
61.3935371406341
56.8703366673717
