65.6597318847443
64.6833690850504
68.8520628417698
65.2560770683026
67.7857882314333
68.3844483307126
68.3216829572917
63.6945052882986
60.0520583399476
57.6585486251470
67.5555410818847
63.6805412131285
69.9028297720884
61.8563255948813
53.8323758765247
65.6111354172123
69.6118329167720
65.4111547412855
53.0710751923214
59.5503887571899
44.6838899042779
54.6232800799749
68.2263568401443
60.6949880413098
60.5025299363517
61.6322383222466
54.0458580278382
61.4519420512043
45.8590189535349
66.5311142432690
68.4766233742499
