61.1519820072483
64.2317282968200
68.9807377776740
62.5108742705087
65.6099913727960
64.0211155752198
65.1257466501572
51.9260786032421
44.6509813117226
66.2402838074843
62.3325932846081
67.5466750387647
44.2839668831097
59.7674704795701
68.1814910668547
63.4012443584374
60.0632208760318
55.5076443485813
51.2900986430498
67.1172470035653
53.3684898057643
62.6790480095960
60.4907189769948
67.6103002120686
61.1129048821257
61.6208380660788
58.7078130180175
53.9642754717556
66.5335448243976
61.5878941005328
60.1930130763700
