59.6029538930781
55.8312134033234
65.8236415766265
60.6348377696040
64.6029769283338
63.7181342292525
67.3708797723939
68.2986806652848
65.9737180814922
68.3226618104834
69.5045661386402
51.0996618252347
69.7058015559828
62.2690818191766
59.6017583052876
54.4656640988109
65.7854364396679
53.2563168163061
66.3106332103458
54.6387170303159
64.0005330597485
60.4791027742557
67.4624430266237
59.0760823223791
68.2609874062040
64.5450421706980
61.1126017224661
66.6065887969974
63.9323728274937
69.4842994541372
68.5671430312049
