57.7009124992426
68.0678652941117
60.5233979538734
53.3858990889081
57.5893504489479
65.0350100138626
69.5581136784898
57.1419798586736
63.6833063095081
68.9228261683525
67.3142754629847
50.1901648781041
55.6691092633820
65.1175180179522
65.0260990286739
67.9952650146499
63.8937566372431
61.1540243525816
69.4233335982493
63.0670901195506
62.7243811284799
57.3610241326962
65.0128291155614
63.4264347977878
68.4977533819272
66.5387327693712
55.3816319849692
65.5081459852262
60.8848301831372
57.4150787736122
53.9122013502824
