55.6746858192868
50.0917286793270
65.8704516415308
60.5456839266745
68.4548078327535
50.6528522566208
66.2703257218778
66.1938137230176
43.6643795606537
66.1656480510140
68.2911973329242
60.1522760152778
68.0669405723469
68.1737411916132
65.7201354291741
53.3493310221765
59.5849361607984
65.1866824184929
68.2935772329667
53.2742590915430
66.2534011416455
67.5296150379797
67.9875170744922
52.1924411431754
58.1466613488548
59.4101818848665
62.4664257956285
60.1800753890520
57.1203139421926
57.9448418777833
63.8991427923165
