46.5566971453814
65.1270845494706
63.3209061480050
66.6200254377543
56.7176864729938
67.3898616244414
65.5322135103630
61.0678408988125
48.7409158997556
55.8480030219455
69.3704081279995
62.9847979032774
67.7075171081128
55.2078514420373
63.1266099893525
54.1752253459566
58.0453337577920
57.8397484287579
51.6095438354557
58.0650384740736
56.8257378018162
43.5737915709246
62.9999684210497
68.7604378358659
67.7257073901353
61.8677917281739
65.7060379351628
63.6274877301723
51.3946542420886
66.0310209499170
68.4958533568847
