58.2795487203508
69.1786832599883
69.3466592523270
66.7683120779288
67.2748005327931
69.4268121012790
68.9974693202536
67.4380286864496
62.4600902994185
57.4459142748875
65.7654842581417
61.7738101647778
67.3711627615526
66.9553990778347
57.5788836101331
64.8599715556628
67.3986793925095
66.5205278415271
67.2614262013834
49.3384157072915
59.6995805787763
65.6207166934509
64.8504595948627
65.0650376143489
65.3125046594794
64.3548558086009
53.8369137448294
65.6479262501324
47.5586428845560
68.7168915404282
65.2380433814638
