64.9953788314889
60.1197113713298
60.0957080930347
50.0924111153984
62.6038230170013
56.0055151012115
65.5743318857364
67.3532316629950
42.7236550606657
55.9832557592610
57.5588485127704
64.4568758342105
41.6713710907027
49.2981447969176
62.8039943932671
67.4690110063514
54.8676733806135
48.3009994856771
64.6290771629353
62.7891994531635
65.2198390868173
67.7632817250236
58.3729371527542
60.0429689908012
52.5627618679069
64.5640991856168
61.4020585245396
62.5745695326946
57.3488676947264
67.3183984575092
64.5922572852481
