60.8749928565691
58.4829996110801
63.7045629771012
62.8577486313933
62.1050582553118
69.5316492129936
69.6223010561099
62.2475251385068
54.3713678272912
54.6149591597178
64.2698627350873
61.5010389380371
66.1190425093975
66.9520695366621
51.7208002333173
67.6065902050637
61.5530952481378
64.2420712400064
59.1592453170793
64.7589291630067
58.0197480706197
61.4731566895884
58.3298281845793
67.8061279511522
67.0088361814809
63.2378593247773
63.1879862394550
69.6588013039860
46.0867230244375
65.1021531156626
64.8577867151683
