61.1170451746827
51.7112653726377
67.1764139156173
64.3534257336789
59.9438646665348
67.9192904166176
67.3708405973886
55.8350355493466
38.4426034881981
62.1852008763319
65.6846044571535
67.1422438012333
50.3899811992150
61.4345657264333
63.2849322774223
62.1237026841167
58.3971073547151
51.0145350160189
58.4804037994535
63.1008278830960
54.1224251181426
61.3802977068710
57.0792319883795
59.6718996645050
66.5393977240914
64.0010954393373
67.0210960682965
58.1445833288526
67.3271399483837
60.5850655604996
58.6470295985901
