46.1329863795352
64.0639523534677
64.9813870384268
60.0099033291946
68.1167846335171
56.9033322378443
65.4889732464159
55.0194835365799
57.2422116937945
64.1651529329348
68.3835009874055
69.3221989300018
56.4096488832313
63.0900310802744
62.0865491091120
65.7374120811235
65.5535654797540
64.6614930342800
65.2468708426956
65.4570310944671
60.8833030748351
63.4131156660792
67.3860190102989
60.6554711641273
64.7452336904110
53.0664535707298
52.9321577617385
58.8110373831303
66.6396826320885
56.2970181481100
57.9191415673210
