58.4799000711592
69.6627648624572
68.3697995655721
67.2471090296887
67.8206467649583
69.1049347209530
68.4284066245134
67.9812057404067
62.8092521612180
60.0444130066463
65.8733759528443
45.4530402981065
67.5787255098085
66.7001627584671
57.1868449763513
65.3829340915581
63.2539387945951
67.0453965100755
69.4379494045006
49.5336124007326
59.8458046517319
67.1588682572360
66.9175774652702
65.0826335426173
64.2466726046698
64.3914045285772
54.1960979138133
65.7961884258560
47.1923007205192
68.5668217815512
65.4312783835835
