68.7954752894177
61.8841495370831
63.1283904075402
65.9760027923112
65.5308934722025
63.8753403162279
67.5110907366950
60.5014055257205
53.6616833619081
62.6167320421312
54.8526037155025
60.2833143061816
68.2696672532874
65.4899040679482
65.0215923424213
67.5454082370177
64.4341273669541
68.1104439901075
63.0733347628322
68.5811277236822
68.0180312470019
63.8957691514540
55.0652448205794
52.7612086772041
62.4759728516228
66.5644669951233
52.1442178095931
65.5685111800828
65.2468464477287
64.1438208887154
66.9239816081079
