43.6444421756685
50.2111570354459
66.0106674287796
64.8411897383319
67.2188035312681
54.7617110494299
61.4765741823966
63.1461826392658
65.3912780975882
63.1892949332435
65.6673141908894
64.7352027768915
67.7912836739682
44.0502583738504
55.3097080191595
65.2381669385720
55.1257173243344
68.9006100778641
46.4750650667419
60.9579039874611
32.1663232077366
66.3946213820243
58.7614904769063
69.0560419917566
65.4632170293757
62.6449643856594
61.4751685835675
65.9086391438321
66.0134421915282
60.7485824510762
36.3009628851743
