66.5957273207194
61.1997559825368
68.3669126190842
66.9592929067183
64.6610199651515
59.4370640493300
66.1964090755033
57.0433410969261
47.6537510592054
63.5854911396330
57.9876444886510
62.9315427696696
52.0750164152816
63.9525051423818
60.3289352602315
67.7526260495894
69.0139859408377
57.6505546957179
63.9677017828703
67.6751464296579
63.2461256338486
56.9798562504866
65.9543382226250
60.9520743627764
68.9036622823272
62.3422554853279
63.9939662554637
58.9673657931806
63.6135821322385
69.0124589311131
62.1354083874806
