66.5957273207194
60.7159196972832
67.9543694185684
66.6624124920555
64.6610199651515
57.3889445649321
65.8080200032695
55.9886274007941
45.0998430832089
63.5157456686144
57.9876444886510
62.9315427696696
52.0048901922294
62.6274327855789
60.1064109730379
67.3010394694563
68.6503227348829
57.2678582735668
63.4285847131244
66.5794178847638
63.2461256338486
56.9176244498156
65.2760559817617
60.9520743627764
68.7781251829817
62.1088159391570
63.7651181625986
58.7379733648022
62.4948044721090
68.8367086468581
62.1354083874806
