64.8688325857176
65.5034820067446
68.9042058126740
69.4093788135619
67.7215353594323
66.3771326291201
65.5506293888248
61.1124617040696
56.8787648451064
58.0910112213701
67.5117543176419
44.5076605868860
69.3879093839582
67.6035481363923
58.8154859159726
68.2264614605753
68.9086981368086
67.5470083991384
63.8704880309730
67.8158563429238
55.2428377230529
62.8674604451834
64.9766607198754
54.9051808163847
66.3882660721023
56.6818955746953
61.8791223387515
69.2329500410037
47.5063216466312
65.4502728709205
67.5755684204337
