60.1362862296031
59.5136918574946
56.2141068564078
53.1420299171807
60.2448687896971
64.0563504570991
64.8199192181614
61.9476439330483
49.9240804770591
62.1870888443443
65.0745383945679
67.2806048829039
61.9195522746616
60.3394638879790
62.0044530360748
66.7815315275908
67.1764871984450
67.3801193308265
68.0940867647465
66.4424777375381
62.9890988216949
65.2331186019029
64.1379021467414
59.7433405537120
60.5687023011095
63.7529518792458
60.6104761382572
62.3582597702572
62.8864186632419
68.8809459106565
58.2125669960887
