53.1207561549654
68.7990726168988
69.2586018980101
62.7628030047378
59.1806697790656
45.8165254238880
65.8013441868720
57.6540433321238
60.0475623212359
65.1480297808639
68.3574534128859
51.2448818867841
63.9341881860021
65.1400849243968
57.9547690720877
67.8794952322279
64.8955604018205
59.9445783925298
65.7986930908103
63.2637694964009
65.8978628501103
55.0376028652723
67.6256814047670
69.0232124551647
69.0877852421756
56.9529909239194
68.6815799975751
66.8997199806233
61.8753299684038
66.8190107753844
54.2130583386128
