37.7585398833729
37.5605177990906
61.7964719715938
14.1504187604625
49.4065120578237
25.4170592263897
29.9399712317840
8.8071222134367
33.4852010662857
13.4864486305002
20.3230287588729
46.8980252301855
19.5273604500611
60.4636882262757
18.8732004754061
1.3663991049097
-12.6038989756539
20.1548819826864
57.3562557640315
34.1477716270738
28.8212107642381
66.9611201221584
30.0197052820717
38.6260768370143
14.6080155132701
38.1559869239166
37.0823166089383
-3.2026368874407
36.6099945769485
3.1641900828717
4.1636643527516
