65.8453031434793
53.0636998900163
58.7129651378892
56.3113694682745
57.5233477864679
38.7682702493322
65.9866468219510
55.7196557400038
46.0673028273805
63.1131934758339
41.2027383364230
44.6894271283540
29.0536715986594
40.7818328077303
31.5973649639563
67.6784374055730
37.1141473865619
45.4457023149833
50.4209588697580
63.3263638582683
37.9658757373318
36.7580185062642
40.1097867512911
61.4199088854838
54.4072885103092
52.5857498046928
52.5130966004244
25.0731136149822
44.6331660458789
68.7165703351233
25.3824345715685
