53.4447648838513
54.1314998972434
68.1631173637508
20.5115727938856
43.3120977978229
60.9210827292028
68.3667690183641
66.0219750154148
40.7559312027666
51.5160327024187
53.8523495491192
66.8283636587698
18.1740729038044
61.8624579829373
28.0447479493995
65.9336361045773
30.6516694723728
47.9467996373027
38.2882743434612
45.4076437234906
44.7204051265998
66.5069924890242
43.0559448874973
60.3459527552077
39.6067500257043
56.8772787513668
65.9154588527962
43.6826240260662
61.7150020220611
58.6631524563575
35.9541534630447
