57.3767257937884
55.9464438492453
68.5446809277990
21.1216880870166
48.5600745924055
61.4491180926837
68.4109205821337
67.6846567203194
41.3877731950859
52.9768860918756
56.0964837638259
68.5145521750957
22.3795755585341
62.8833224489106
33.3605296571864
65.9375404881160
38.6139182612039
48.2288907305466
51.5870124709094
47.1899158648420
53.6065390065363
68.1628240175793
43.3777185581061
63.2254388145605
44.7997404058940
58.9870448634459
67.3821820026927
48.8994119093750
62.9282035726719
62.7287091481797
37.1970518737100
