52.2633820631956
64.7117456599287
69.4067873733735
65.2997031645889
67.5137175051900
65.5956071665333
68.8953312910276
63.5688283026122
60.4164581582067
50.3115065884262
67.4140346214578
48.7740427324790
59.4298298370661
61.7842373419840
53.8524635957565
64.0885763351450
59.3585534858984
61.3032918890464
52.3826897715764
59.5049346592902
44.6521375441320
54.6210244502697
68.4733339915658
60.6717926166430
54.7614165270129
61.7641582159421
34.6215281264655
61.5720343708640
39.1773555156011
66.5240047310330
63.8514193413543
