46.1972481897936
58.9100222323836
64.7311370599066
40.4788997697031
54.3734155756375
68.9762589671410
66.8652739609984
65.2711843596129
55.4992074179133
59.0239228281846
55.5801413114462
47.5846157432966
46.0041712430743
55.8564327674790
44.3355013142003
63.3607838564711
31.8816094144995
67.9194963388534
64.5942802875385
61.2095096022062
65.9252095266083
69.6753341846141
61.1264685009702
65.3043294303886
44.3896410805373
53.0307365069941
58.3251311997940
66.4895595626568
56.7873225097855
59.6744772265353
55.0202024233456
