32.4473001516282
45.8262052130546
59.9048031637686
63.7072625251828
50.8932506472390
63.3142361548580
62.3139307609247
47.4997294206524
39.1109627661174
68.3321988855584
55.9561048489782
35.7584613702644
34.5180705906623
56.1159340882465
53.6964464465776
47.9967898767887
49.4049574823216
37.1381102475962
55.1051227015322
51.2690532580126
47.6480736140406
52.9948131572298
44.8803433917833
49.1760588666871
67.3473788980993
60.3693124524010
59.2237648938420
64.8981828405387
57.6688812265392
34.5382865885291
28.8556019861738
