52.6286383358627
40.3386334001893
38.6753792412515
33.2004664088029
46.2094262666941
65.3334017073397
68.7538947153825
55.2661447388775
31.3068880673535
64.8904592646324
65.4849621656284
48.6058085409055
38.8011252307898
48.5335855204576
39.8180937049982
53.8212859401154
45.4972460490359
62.2223071431672
41.2718537969092
56.8315143324889
65.3999371035010
53.3054697999381
44.4273696153982
58.4704635775096
43.5754603145138
33.5131420860641
61.6390698984370
57.2108951170422
52.9274713901474
48.6052585737298
46.1939983760234
