54.1163445848832
64.6307581330794
41.0357731137208
56.4664370284454
32.8346708403130
48.6779192327014
49.6401381756386
34.9244547717448
37.7498155222672
45.3032547081428
57.2100214430450
39.9012320859308
44.9568394031881
41.6022449312683
55.4551063952873
69.5625755120092
52.3189647949193
61.8625403369775
40.4500979214212
46.1670134530274
50.3646433255127
38.2001523436777
64.9844830028784
68.0165554513520
49.8118455780267
58.4388036383312
59.5159051167750
46.5643259358855
53.6179700272485
63.3840210727541
40.8030807837627
