62.8619940140089
41.1048891329472
60.9897280237758
53.5627121428032
63.4500310398565
54.6804504836008
62.8342903359340
37.5087853270902
67.6117475375694
50.5047978542645
62.1426326035553
63.5362148632760
57.9365730331783
31.4891633919855
51.6975056578752
65.7800431858133
43.6535435259034
51.0295360644954
38.6969951457765
43.0160703925757
26.8797052525941
54.4721843205651
56.3728853145931
45.1871779303213
57.8861736062662
62.8828332446772
66.4347086492044
51.3118347594782
59.4210692139516
62.1246127742273
34.3399915274588
