67.3747698032082
38.5105832676350
64.2129031278336
56.1370637335707
34.9275725047048
59.9399193939848
56.6390021353153
40.4731336401126
51.5952104720982
55.5388678003071
53.2165838245511
31.3197274823199
41.4382635702240
31.9456959589379
57.4963019584674
64.3443172491581
37.3175008988993
36.4543496977336
54.0458982827424
57.3120564706265
56.6614693712092
62.6749499820279
61.7315195587447
37.4979907933158
26.5083210833866
65.5028063649442
43.6995759810744
48.5967464148062
51.3906235474267
63.7153275068913
64.4831001896637
