67.1620848958697
35.9310980452384
65.9604107682811
58.6211062164466
41.1121325853997
56.7799968404727
57.0458303731589
37.4660523343043
53.0142349919997
54.5307816104343
65.6177358302766
35.1094936591144
43.0308377304568
32.1575435676764
50.4811604332482
51.3764963441320
44.2155468305860
24.2945909939123
57.5183896886939
50.7981632151843
48.5689164149115
63.5092836394776
62.8363497325716
54.9551358023572
24.0019563174204
62.3402764943629
33.4052831218821
49.1928999876938
51.1917411230444
65.6225134019700
65.4906140149581
