64.3311500324397
53.7367048324490
68.6651264944357
57.6598515322816
57.0086252692083
43.8143945334582
63.4097215128017
37.7527213358536
61.1202245063480
51.2516271185177
68.8395422207917
62.3759460678984
52.4455931059536
30.6368381615746
41.2730177222253
64.2939335982464
42.5618073636914
53.9445247408316
34.3220473979996
37.7979569075913
41.1230450027572
62.8911798913874
58.3909672288235
46.2865126322508
48.8097915749524
58.1394846372179
64.8502581736001
48.4480593309158
54.4921884528521
67.2182294834669
32.2043754617690
