66.2821502586391
61.2003858318700
62.4683739499108
62.3838504152802
64.9474489555151
66.7661994607132
61.1456686479928
53.0186645428760
49.1668272630399
58.0429838919995
60.6097663757557
65.3013784998591
55.3199800655299
59.9063507942145
69.7775062482448
68.2477628906847
54.7341764124443
41.6000423516241
61.6957283110339
48.1119549016482
60.5324035984442
68.8961152633189
69.0174194592052
59.3947784692218
58.7571880370819
66.2687848099431
60.3281550901098
66.5827396027217
58.8688603401996
67.0079412758797
65.4966554717809
