61.2752960649466
64.5221694877687
58.5901173066108
56.3804919202698
57.9149826391838
66.9345124273275
68.3834843920585
55.8953098523335
35.3203271960440
50.3249408997139
64.2621866383004
61.1971163644689
56.6440157158170
56.9120754465625
47.4352847065927
69.1406825501287
47.9940916349071
61.8172209567074
62.2212626731980
67.3812471620112
61.6175746204493
58.7766141896729
55.5548292070477
63.9101986095104
65.7566423404271
67.6014239264101
61.1150090159189
54.4020977904538
63.5233162944426
58.6455300729554
61.4822113109628
