63.6575948119980
68.1833833203731
66.4450490946266
67.3991202959903
64.9935265227715
66.8040410795929
64.3977820126183
67.2417962078450
66.2403022087068
53.7288214520871
68.1193515791026
65.9301421274263
68.3273201233567
68.9415715148963
56.3364905820386
68.2454080301815
64.9665040542694
65.7741171635143
61.1788530234143
57.3375293321745
46.1181252416680
58.5426440538136
61.5412781411178
58.3726574063193
66.2728891391108
60.0954373798994
61.7870407734613
67.7679942760630
37.6712081620065
60.0033849073963
61.3297703300434
