66.0205894932603
42.9538016658523
64.6748479423306
68.9525656061064
55.5992953329152
50.3307886022431
68.6823424285915
51.1524929164274
50.8424412427582
68.6697982260511
65.7939218363082
62.6367188861233
56.6628760890703
66.2863844594475
67.1563102839683
57.8782965376814
64.7565545702661
49.9911546526814
69.1956916873272
52.9958018960773
67.4388986032496
64.3947785182972
66.8261604963945
62.0924201796022
64.4116767176066
67.8512152765608
63.7861509814709
66.2919564043750
56.7022115583931
55.2722568253539
67.2689712535998
