47.3662647550464
68.3827197459124
63.3154407043965
62.2199271033024
58.3860902571236
62.5012714005787
66.8336317139548
61.3430674840554
65.5904306759205
62.9211933275204
67.1241056072514
59.9126479771230
52.7435759501789
53.9680314872004
64.7654861768901
56.0241331056611
65.7952845348420
66.6150757859012
63.9333215753881
62.0287672582514
62.1642453815177
55.5829822322004
58.1484761355149
61.9477819581704
66.8916958898035
47.0106796521315
67.6482891839249
63.4327061861166
66.2119616367405
68.8526990897332
63.1657604464645
