67.1960667578883
46.5302999706776
66.0208518587270
67.6793615103606
64.0807277400440
60.5276110544704
69.5476552244582
60.2110471663436
61.0706108557966
63.7658031981595
49.7960477691347
65.7998347428436
67.9254469102042
53.8879080953399
60.2536792388413
62.8209362444964
65.7182978343231
50.4135390176566
64.0403105034008
53.0154981180303
67.7662753542337
61.4431212253824
62.8457685764091
64.3556991254371
62.0062236814750
65.2963898024178
68.5176088021505
66.0320372334767
53.4253462743390
63.2921243830642
56.4566400072137
