40.5514452409957
67.4935695180705
66.8789929571508
61.7579021406005
67.0740133975663
57.9661240126061
68.7102205625591
66.9486271018062
46.5037763870152
62.3564593907054
66.4245416745572
63.4461609477715
57.6807334568212
64.4593972910029
50.7159090295425
69.7739796446359
61.7098353304465
56.5591233663385
57.5343619587297
62.2980447872201
59.9853302566367
65.0082181078507
68.7094845075158
64.2036884783567
51.1888922017627
53.0499217104098
65.7955127177834
56.0971219843231
63.2814797492091
65.4013964018891
68.6732065383326
