-8.2792257997594
46.7936304314213
32.4115182257167
1.0248146619014
20.9060039011038
27.2800936315129
52.1971660603450
29.0354591683582
23.4531842743573
1.9014477516646
52.5896306510772
4.8743344767481
18.7257427189406
47.8542190904181
0.2657139161512
8.6342302805197
39.0576055869979
54.3712839479072
25.9464055020836
2.0027615690073
31.1301671152510
31.1391942412054
38.9438903841872
10.9610471677547
23.8090562223112
-16.7496325319072
44.4613385887744
50.0082650189162
43.8348275048509
31.3901777238320
9.2326071523394
