38.9332869769230
46.5604428977574
26.5366903384924
19.8361736332922
32.6398771573078
54.2416471508135
44.4027238868227
36.7337822774750
31.6148194401470
43.5943984157079
48.4049478361855
10.2374868819300
-13.1677479505510
14.8946770758287
10.7083937055235
-4.5025205083670
27.0169316440841
21.1728860844512
48.9087764116017
11.9149725134109
43.0665906003881
65.8308738075039
20.3444533302152
28.6239973786985
17.2783814894478
10.1150325562799
20.0810695048822
44.3047702183224
49.7428128872777
21.9715752618839
22.9669480139990
