2.4369033753345
38.2906982509675
42.3510868169937
-16.3797179098415
43.6558929797175
41.2641125595454
49.2271631317382
28.3103612965253
33.6134190937337
7.4522452925634
52.9821583324449
22.1353927575038
34.5672685717516
52.0152074102878
22.0070546473237
5.1784429087567
41.0127814662857
60.7187732875197
13.9829535794956
5.9424040290969
23.4331306373846
28.4114019482859
10.7229190005846
23.9930507128337
55.1245237668661
5.3618638167452
18.4898496121050
41.0079298774677
23.4430640248572
47.9972591305998
9.4524655672013
