10.0062231602791
33.5200796028859
23.6593289899844
-8.1711679666374
24.0425565894035
18.5525088721520
56.5821261184359
37.2822840911121
11.9359876047334
26.2835939862164
55.7508782458526
-2.1948312927218
-2.9959407652611
25.1515069754266
8.2548044790853
-16.9417051334804
20.5007251945076
25.4929329811602
62.5729998012728
33.5458326098532
32.1252364750016
58.9443146873101
10.1594793870510
25.7244118595014
20.6826034853261
1.5808127001707
4.2037572907750
47.2232988616814
49.1651602791386
29.2194691775137
13.2042151550506
