28.8409864307063
52.8695687195292
1.8090595883277
-14.3742278236267
17.0983014977768
54.2106628533564
56.3803241800112
45.8642654734913
3.9102123947617
-10.0158127390941
53.0354873168090
27.5280792387117
17.8908017414202
28.7824238812591
24.5939155243320
28.2531315053550
43.4599501498734
60.8385425365199
19.9182148266449
44.7078448668909
34.3549635875028
52.5973699660423
39.7969040758043
44.2944441606895
39.4983193869196
-25.1983941815025
45.3045351162781
52.6147619419004
49.9735024583113
16.7058356946973
11.9553719525835
