42.4868959395472
29.4782454633778
16.2183396678916
-6.1691600257494
34.0989783752026
25.8760590784877
28.8782422648472
38.8006066797670
54.0224306282619
9.1275295758581
48.3116013205647
23.5366531920592
3.4008385584114
22.9937731959721
2.3030259990232
21.5274987224151
33.4084161381381
19.4293717761292
42.2324024650582
36.7148613463205
20.1788109335549
61.6463749789254
23.4561050332496
59.8367546054752
38.6726415010681
7.2614506812233
52.3344300193744
6.4227589303224
48.7925057676420
31.3515815607321
21.9886175646978
