13.7533098833368
2.4656309320075
3.1148327407023
0.7507817674077
14.9505722926091
47.0926827255215
48.1245435157200
56.5177841016413
31.2404317790674
33.7278914369222
48.9661857912289
22.1347934715424
34.6957895953004
40.4822342288640
35.1042871626455
28.3120069592402
21.7417450747825
47.8006975217959
18.4244093074981
41.0039707293130
20.5287489823045
40.5145160579595
31.3067965341073
25.8001016267102
36.5459631707861
14.7725613389338
53.4922372913114
56.1520115533645
53.7773844415461
31.5911076041119
16.7561702713240
