4.4067120901137
30.7642123158693
22.3793220501791
3.8809366011142
22.4161229264026
35.0907350020771
56.6672933071252
35.0290447655936
28.5991355144094
30.1402228046805
56.1979409176809
14.8987772600155
10.7083440704483
18.5123249090102
28.7524509819605
4.0793257990725
39.4982865213806
27.6561320486235
56.7102442929162
29.7557000411339
45.0634381475789
62.4727651351032
23.1945676880730
32.7651425056241
21.1553386155890
-1.8762827791433
27.8750172446874
36.8057059271585
52.9997582924516
44.6657932519788
-7.7951254317216
