26.4874156348666
57.4003250316113
62.4313615623686
25.3886133014952
35.9694128350282
29.1744144875458
45.6647173292223
39.7946826163539
27.7958171099081
7.1538357217712
52.2842889572575
23.5386613863046
1.5532011050374
29.0903431847750
20.6133833623552
33.0058612227729
44.6014738281367
41.8752210523649
35.0096527505858
32.1379840034562
56.9836621431781
52.5470393077780
22.3579144921406
59.0994433320032
51.0449167200046
-2.6386335430297
49.0092555581892
46.9159808135901
59.0505728238156
45.8415844824624
32.5804888316537
