29.8729881707183
29.4497231275332
30.3091133745517
12.2956720436905
19.7212842913329
43.1430692364717
50.7757408710605
45.2762069733884
35.6022184891909
17.2160731259685
54.5493776584468
21.1000109979795
-5.2431356725332
21.3100073509486
29.2204773056815
-12.5292668662438
50.5295099782905
42.3522199624047
60.4147606104422
32.2574805039833
31.0303192552970
58.0826136535800
18.5105245975701
15.9862801082759
35.1974321368305
18.9163168305759
30.6765498372805
48.4053954424087
48.0893545319406
38.8946620426862
18.9491899976175
