6.8305900769416
61.9512140768111
65.1583931580531
29.6323048302408
22.7842752107822
15.2791533372272
43.3426479495856
54.0097035659613
56.5832583997225
37.4573125223566
37.5228467093527
48.9917412542698
47.1179359552880
50.9557968896014
37.1425731308839
51.0895747263950
27.6870934101701
14.0415898607263
42.7320185709320
37.1619992805457
53.1300799925669
51.9287318610569
51.8297130417599
59.0636859451141
43.8557955154005
33.7641558274547
51.5367716595506
22.8862271435336
50.5229844340833
57.2888024586466
17.1492949723833
