26.5143860935501
64.1635848359541
44.9042586515417
32.2934787808567
55.8591384314910
41.5186154367412
57.3861833369480
61.6560914814059
48.6212166584190
56.2035411929745
53.9787101341992
56.3236240380251
51.5674537199726
46.1711741222055
64.0521442473803
52.1512314307987
36.4788710928928
65.3382693742264
42.7009124722588
38.5728231516846
44.0215272121151
45.6497910762391
63.5626471745773
53.7717558587108
54.9652737491764
42.4300039585440
66.9548045007717
61.5613999168298
51.2497812471027
66.5495350075547
68.8630083303524
