14.0275282773417
43.4076587525067
63.0368750270319
37.4665107760330
35.8284200692138
29.0874397078256
58.0758880076728
52.8526601721350
51.2943586081873
54.3791662825299
50.3513248563444
40.3442320891778
32.1841413236759
59.6577941272334
41.5922005472847
30.2819623253594
53.2832489657682
16.8609532055351
65.5001739121068
48.3609015186265
64.7641851170086
64.4953341666913
45.8998697024780
55.7829483751084
38.6231903192200
51.0235027780543
40.6170765736827
58.5422512979788
57.2164592888644
56.5879917623619
53.9593198350277
