15.9156550576802
48.0083870016710
47.7031674967692
8.7999410547404
40.2975721957883
20.4317351766155
3.1986162236187
44.9380367017364
33.8182549864861
37.5960219397612
23.0085937097102
6.9288155200696
38.8850291717474
52.3462450841195
26.6729019567949
48.7079903468597
26.6847205299819
36.8105643716616
48.8985291368152
21.5096031729542
21.3243632416517
57.7928870420217
29.4869189344483
57.0441504052129
45.9267972862563
25.5334819988083
40.9866097274241
21.9726989069311
47.2861648865953
47.7127302003329
17.5272101303005
