57.0297784798703
45.9271406201862
62.1758578835854
65.2283789985555
53.6301136398752
41.1189726914789
57.7929708082118
60.5407458661281
61.1743400035310
58.8264942912596
52.2759321554194
47.7585177098069
58.7808299544154
64.5580890776203
44.4415930540951
56.4794799299531
39.7380049309652
33.3746526675612
59.7626499449797
43.8280844349893
50.8028702530639
48.0247579563098
61.1974767152890
50.8969117668223
51.0699068438115
54.2044459556158
50.8511336067579
64.3718585309518
55.9162005071621
60.6421190819741
61.5501130798720
