57.1948417908573
67.9638317658843
68.0180701943181
57.7384238942562
65.0011338449382
44.5014397635395
57.3456307710608
67.2644233872963
58.7017066406735
53.0922079946271
65.2054495612883
44.2617327098268
64.8937281185845
65.9717086183487
50.1327026486964
65.1762819667771
56.3583718262045
56.0851004175651
66.8393193853751
48.2037018887534
37.2694619959269
47.8718209070089
65.0278359136359
54.0518883927295
57.4639493122063
46.6495838940845
53.5918849898170
62.5386905915023
44.4027756627224
57.3756897524030
63.3441847872527
