38.2989406341242
37.6139474719370
36.9779223215186
42.7062678269506
37.4675460440999
10.6175760982745
24.7082454036042
41.4883443970283
30.7590392490702
10.2499033226133
65.4592501085065
29.2263342824038
46.0257834597453
23.9342634800851
39.9132609826121
47.1087975237134
39.2049848212652
37.2623737088792
41.8396758166936
38.4883338495125
49.0153786525276
28.6748289986008
41.8499320326017
66.9309842321365
46.4458229643677
45.3822069969030
56.5052258586980
53.2256109364145
63.3625239706694
22.5397365423809
16.3562616556745
