48.3908473710530
68.7790185448855
67.5502085226472
50.6312465153557
59.3234911255722
53.5166876010046
64.1677137844103
63.8021508830377
47.3731547328626
48.1595767077525
66.0108500812930
56.3653550655162
52.8718129586089
65.6946104782227
53.0945231363909
57.6669467329271
44.9239251260892
53.6129031885306
62.6238334651401
65.6873003624635
45.2211610610731
62.2936750890567
61.5021929223537
63.1323797246201
57.9550185735742
63.9853158862625
56.8309790906527
55.6324392721952
67.0776279487291
62.5437322244117
69.5687087265785
