67.8700891162730
65.1749904868338
54.8861285986009
59.5067965842244
68.6082476056205
58.9539629901560
68.8001519118144
57.5212624939397
48.1360317183546
56.6918663521585
60.7186760648733
69.5721942811485
65.2725615040990
67.5655505179374
57.9372078501253
69.1965921568200
66.6099387979785
66.8831017552507
68.6194848380537
63.9048932342462
61.8602674797098
66.8323875564535
50.2634911907113
69.0883957014184
54.6777237133278
65.4516799228845
61.5310821446173
64.9425577273947
64.5637558946224
68.7626120899919
64.8580484945521
