64.7298196317563
65.2496355182667
68.2952222365018
68.3245889945286
67.2569304309988
65.9213012117373
62.6001931766308
60.3262388458607
55.9685689949576
59.2396090950955
67.5261659294154
68.6588098998250
68.9873363947945
68.3359241194985
58.0974102771164
67.0745527772143
68.1413296405505
67.8698173029691
62.1536206302557
66.9725939943843
55.8650502110308
62.7444793640937
64.1234109910303
54.3280533801328
65.5870512302599
57.0906913726365
58.4154757517382
68.8334569428484
47.8175121641937
64.3613741732582
67.2464536726112
