49.9839799376978
61.3287508367249
58.8328601300807
61.6522664985344
65.7672448524012
62.0909970490179
59.2759151500430
43.4589221334123
50.8500136783066
59.5448681059459
67.2677411298403
67.3643139193857
67.1346403894008
60.9172774286015
63.8186585845900
64.7712903122571
49.8570165308983
58.8932685366256
65.1833456378044
66.3464400269481
60.1513846240431
49.5969789937906
64.2081166338482
58.1705397962883
49.0456756254647
67.0297746546786
65.6659706378982
59.7449754575948
63.2804781890634
63.7488207640101
65.4105700704200
