46.3859358311556
68.3828855033222
65.1249540778453
60.9554252263741
64.5666863498049
50.8700692105473
63.2886031310801
52.1153104253161
65.3072320929576
60.6004967921527
64.2191290155386
59.8069175731328
57.6719063953746
59.8287933166192
62.9930211434521
68.9065935091989
63.5490669435285
64.4194978797135
68.2274931671692
68.1779487600425
62.6904286712270
60.5719017539069
68.3787136042143
66.8581878610893
68.5682809560062
48.2395781490229
68.2835301817221
67.3401858259872
69.6170711134485
68.9315210413718
63.8267391926937
