49.1492537840360
66.3291819693652
57.0853952922461
47.9501055611401
44.4246632936165
49.0892836501969
60.1311582216391
56.8537669407295
64.7849132675814
62.5498223216980
62.8756555159269
46.9556945875688
57.8017097729108
59.5726781487090
67.7163987447751
68.4410897375665
60.2787006580779
60.2603067902929
68.1415001376077
66.7671298030546
60.7900844155564
59.8737672052252
64.5936517144861
59.5669197163082
64.7728490668820
46.1957319040690
58.9627035790375
67.3536106455476
64.9395040913368
62.8829748619908
57.4239626020399
