48.4276333200125
68.4533499602635
65.1446016390582
60.9554252263741
64.8569083090727
51.1938310689338
63.3175634185762
52.1153104253161
65.3562042861556
60.6719035808825
64.5593864005935
59.9601852147155
57.6719063953746
60.1086771857674
63.0424150976816
68.9411522271473
63.6874435751480
64.4625971179166
68.4421642734627
68.2670817688627
63.0413868824492
60.6746355060814
68.5411644962400
67.0022631965533
68.6800444304922
48.3410761555159
68.4022808634050
67.4059923309114
69.6852453374979
68.9838678916291
63.8267391926937
