-121.3526816265564
-98.3630677924189
-49.0212210762309
-75.7606897254822
-182.1758588688305
-126.3834814883406
-220.9780921801537
-164.7494955799061
-57.9953422417740
-95.7423702255471
-83.3557784723984
-55.9553578181728
-165.5253343240815
-158.6441619084587
-212.0970917170920
-86.2120944064942
-97.9809596101022
-105.2649273359259
-51.2466896761858
-66.9216135207069
-87.4832390909140
-157.6595451901494
-35.2259673316686
-101.4172924349452
-11.8369436848760
-177.5708836532091
-42.4966330491580
-21.7423920484550
-85.2038418689621
-47.0506072525267
-107.5276318851540
