43.1610358363617
64.3863589907056
68.8459318839842
61.6965018455981
62.5281649514750
47.0605720359783
56.4883320640398
60.3333467956325
54.8013616783130
65.7237276966595
64.1560959943743
65.6747306584214
50.5142129159565
58.0093774172409
68.6121140468263
63.5039518973672
61.7855480856775
53.3965743659309
63.4021863168114
63.1964016757429
66.5108964170518
62.9305575511571
66.2680184838607
68.4335331654571
57.7797548866743
45.4300952730021
66.7093353657443
65.8072429895521
67.7357327723303
65.2394027174268
65.6766172326901
