69.6224211547139
69.1989229323155
50.0953940362130
57.2976511885356
67.5768981384962
62.6879727809620
68.4844301447684
59.2242232597039
48.8546909345829
59.4950247952269
68.7853820574377
59.5992328050514
64.6283977752438
62.1775777349873
69.3103966662362
66.8628498713922
59.5103894175497
68.9300717882448
67.8337378195508
68.9204831536324
64.8570242800176
68.4718569708021
66.2247953755942
65.8797508766236
55.8518464632615
66.0024239405089
67.9234316935700
64.6605902664235
66.8199086363549
67.9385349815933
66.7816393867064
