54.5960568771794
56.8539436982982
68.3432655488340
68.3289434759040
67.1857386711119
68.0555665744586
63.1637858844533
66.6540464247129
64.7544474647689
69.4481859792689
60.3800978371965
62.6878808554030
44.8227728667180
64.2102221134122
61.0909431740173
58.2097292348783
62.8768586492099
57.6975289833946
58.2448353460132
64.7627860855759
64.6964179271688
66.1433002449997
54.5133575303414
59.3952658562650
66.1387330430777
59.8339600807584
50.1825630158445
59.5658823738234
59.3269265580240
57.1557101183729
58.9449423253420
