55.3203418314604
63.6935787912235
65.4808528805365
63.4427234520297
60.7184985760826
61.3185419731209
66.2173973540507
54.4769338372580
49.8841113343945
69.2583632833871
62.2013404636336
67.0584409017670
55.7402022768691
59.2530178395509
67.7986954509688
62.5532534585532
57.3213418801049
51.0849448056235
62.9381487362694
57.3768807083875
66.0881903940164
60.6525449177960
59.4409834734207
64.7915815616494
63.0920580986864
63.0441890073245
53.1368768743673
58.4356965771220
60.3682526475759
68.1241211489737
68.7362501164471
