57.5549041226288
55.7981009748315
65.7111848975878
64.2384664885789
68.8105799842074
59.4347205636272
61.9953326351033
60.8258598911032
68.0750769541828
69.5441759273511
68.4339312092231
55.7129094641673
48.9363542738684
63.6920788167644
57.4230276500066
67.7435077974731
59.1622045679637
67.1890998034938
59.0262886618053
57.5233887323334
66.9363066995032
64.1373905965768
60.2111856585542
66.2980109540178
66.8427555801387
59.4123367627483
50.8229251473559
56.7598867947847
64.7177033061327
59.0411138381109
66.3955524992382
