63.3059752918106
53.2211699212947
68.9236513931333
65.5479485420333
58.6529302813379
68.8776624037498
68.2440163731462
56.9730746619384
46.1033432828460
63.7759388481790
67.8088645412943
63.9027622328783
53.7864191912413
61.7876498734232
62.8551763230966
66.6763162879674
60.4225824289404
53.4472993745127
59.0858058946759
65.0344074402637
53.8589879420955
61.0527831891497
58.2365327511472
60.4615641395003
68.1271137015736
66.5166023768172
69.0375414118406
59.1913645416087
69.4314196577028
60.9307128582478
58.0292418781760
