41.0332225354519
68.4397325484009
63.2428813383501
63.2010793726242
53.3184177292932
53.5296752751373
67.2441092964732
69.7543528492364
58.4950462444903
63.5878176047660
64.4298161012133
67.2271816487700
65.6062402703321
57.7189598987305
51.5034041171618
59.2447017890400
65.7037648294296
56.6401055309372
57.3136377371915
65.0077917110338
64.7878606260579
51.4028283468029
68.8996504219782
65.7636185496168
60.0756206963579
59.6876207265984
52.7113721836722
66.7516761286160
68.3867081988352
66.7402201268246
64.8297403656569
