56.6973604593441
68.3460641816906
59.3938409089174
67.8824389382962
67.1285939615919
67.4641181267652
69.2524969439087
68.8441728557003
62.6715122098981
60.3491341592529
64.9128614614723
50.2414033036942
62.5829704793930
69.3177343343219
60.6200096491025
64.5988671357735
64.9148035010238
67.7148106189252
61.4310711413475
62.4018438057246
64.1916352092553
60.9674236911913
58.9276315128429
64.5540039204451
69.5229937643584
65.5227100264093
56.9486194785651
67.3285701767905
52.3956520853615
68.7635485873943
67.1194533428651
