42.2756908918078
65.2387854940999
62.1123111092434
64.2352533654872
61.8799644242542
54.7634544964599
69.7840465753801
69.7213564325012
44.5925204881259
67.1299519915146
67.1081434586760
67.8156959037302
66.6906555149644
57.0622488257317
52.7903949305653
62.9782960714800
67.2902333340087
61.6245022628541
48.7494094343088
59.7823170261027
60.5024966067978
66.3139101884091
66.8094965919127
65.7270920480186
67.1704313710604
57.4308545376640
55.1499957935908
60.6792180254867
61.2987351763298
66.5806527800809
68.4071164422421
