43.7078538217232
65.3013717299813
64.5721125468421
67.6389240505829
60.0994106469297
65.1493755079248
68.0887075876333
67.4957789194318
51.2118511557565
65.8191314486368
65.7910716906997
62.9475676359665
56.2468479141233
63.3664237097831
53.9196104280719
63.7843941914856
66.0831988945709
64.9192522642909
61.4660171608884
58.4346706344349
65.6672676568566
55.5969875227112
66.0188014995591
68.0932814015670
59.3129978432649
51.8247040285970
59.7961762940127
58.9451638342132
62.3027067370466
69.0913624948580
61.2209842502159
