51.8445066232207
57.2422373269436
67.0198384979554
67.8625173795175
66.2403430239782
68.2891777252499
62.6157481980734
64.6337779711157
59.7361279474200
69.2603824489716
59.8783266132081
62.6874070153152
42.8444786132730
64.3912158257393
67.2245889331779
57.8830069936290
66.4494702421046
57.8942129667618
56.8817050581981
65.3796180692567
62.0981303474478
66.0373934421977
54.1384301423891
59.2882150737630
65.5664107334152
59.9868019274983
50.1127617954765
59.5809966458243
59.2233428891353
56.9867190585859
56.9014996698884
