61.9449005340558
65.1028883251641
66.9111308979296
58.9800336016442
60.6838865254397
29.3789547256540
52.3927598652790
65.8261023205202
61.2188585652460
58.7169691259080
67.8783630782626
52.3861247540172
64.4481304423592
50.6880192983837
57.8353838525722
64.7100606752164
55.1833699317566
52.1296162328171
67.7595921233667
59.9681118725662
66.3308568866169
64.5460249607484
66.2645022901291
61.3001429997603
66.1709851322493
55.9641551862952
50.0257831410712
67.5285037194481
58.2378949706678
64.3072166274454
53.5964349916113
