58.0325724723668
64.0868283192136
67.2642810635779
64.9110690956046
67.0777156496842
63.8164757999014
64.9908486902150
61.9239048101621
61.1371143619969
66.4788337878470
61.7465938712986
51.3436660133521
63.2525459760005
60.7672442359653
61.6433980117082
50.4597611002106
65.6073135998992
51.0381041957959
67.5640283194215
61.0879484641443
62.6117381368116
55.4387110321189
57.1286478357743
52.8703074308866
66.6929987196185
62.4863974247893
66.2868773018192
64.7341198906298
64.4616422172746
59.5199627857923
61.4976876596618
