65.9679835718150
56.7047392048593
57.7809480094300
57.8231207474391
67.9649776410872
65.0109435886796
64.0788509843699
53.8528746674066
46.9235064344419
58.5942733730387
69.4796823324082
64.2563966425626
69.6943912165389
67.9560542571624
67.8473361453476
68.1655469963496
68.5458107304536
67.1451744901292
64.8215761459006
65.3673052166434
54.0917087598164
60.0969191483380
57.9390345526534
55.9954701140656
54.8908025467476
61.2492581270732
68.3112074893603
69.1369378585682
62.9657879717250
68.2008700138515
64.2001673033277
