52.8079298355917
52.1828631428256
65.0698402338745
58.3944673286588
65.5821364967874
58.9089419378212
64.4870464109608
63.5041817366950
49.7782508414982
63.1455226423228
62.1572433204476
59.5163847887226
56.9602817218000
64.8774768667483
63.8022188943386
64.2215423439963
50.7354182744152
65.1860467766740
66.2945244842984
56.8203830074883
56.2118231979934
55.7272486402182
63.4971390747933
65.7421715190983
48.9025584702090
64.0683011867412
63.1190128386106
58.6300226100695
60.5653664614224
65.6353641750579
63.8826811057844
