46.5040301312014
68.6347955143432
67.0265659276405
58.5118304328530
67.0491373964955
62.1146350609054
68.6004099787602
63.6513423868858
45.6946655986357
63.0939635645381
65.9116259443148
56.6190922466102
60.4841940987733
65.4804364731627
60.0779008978082
55.6169355436100
68.8166984564914
61.4954225156420
63.6748933831880
65.7850318018718
51.4766939146673
62.2834482280043
61.4222268848622
67.0490366856156
68.1224275410329
63.4903932248966
58.6795186957016
62.4915763835108
66.2994186889672
67.5347991826394
68.1440022362252
