50.3154603462420
62.7305768040830
64.1252180732404
65.0689368180837
63.7038376869615
64.7489840703999
66.9753142215601
60.4229982978671
57.8816471508358
66.0720948918179
64.4431735212743
66.5659864478717
55.7728629982383
59.5652936379130
62.9168652291220
61.0292573766403
52.8966214949406
66.4661738057966
61.4571666882669
58.9268361851308
62.8287020061915
61.8726688685570
67.2874183276324
67.0243970023504
64.9130678421915
43.8734215684614
67.5946789748326
62.8798561372125
67.0806168942615
63.1547943079292
60.7294699584240
