64.9392919006712
64.7677473678971
66.8798919046431
69.0491037673938
66.6820571906114
65.4663083920164
62.5712858085434
59.7305094701163
55.6368312228730
59.0108671425666
67.3416392938949
66.8741640441811
69.0571700213397
67.8572355458822
58.2978156360350
67.7541880179746
68.0845117887047
65.1763437920862
62.7319224197933
66.2237429231063
55.9763143896239
60.1156814670126
64.1931455262937
53.3040216968404
64.7522574607147
57.1068706453255
50.8081539678878
64.8578158442630
46.9384674896612
63.2017999345486
66.5398420240291
