54.6172780092277
66.4503643341729
65.7645724304775
44.6995747816772
64.3276998902537
65.5609037467822
69.4475477426903
57.5372628425930
69.0047236431155
66.3036582252912
69.0396915248282
63.9328561818429
58.8457413932816
66.3518270005218
47.4340954900592
63.0446480296261
60.7394047648199
64.0263992879633
61.6168809502595
62.2351069221575
68.8116254130940
60.2851041428841
59.3030232592564
69.3096848745435
59.2999450719252
65.1512259769245
63.5454430645110
61.2537415962182
67.5282661233293
64.8656220895850
67.2199207684583
