65.5447780404540
48.7845510785072
61.7212459090073
56.1899410312360
63.6285098306580
62.6072106408588
61.7431375541579
68.6783636297475
47.2918165864534
54.1761024475297
61.6474038695783
66.0749227606379
69.3858174561731
62.3894504648284
41.5760263193466
68.7052387193154
64.9514981681020
68.5368775302498
64.7168026515556
64.8967500925332
64.4923538836200
66.3356840436664
63.3420807627855
69.1264943868800
47.7815069446861
54.2526398400253
67.2353452526158
65.7111446616462
68.3926969266657
69.3989971972903
62.5040786393870
