61.9576009375108
65.0788412704711
59.3107886889337
58.1824908165446
58.9232643802669
67.4776644571701
69.4036492560156
56.6823271173378
54.9931379470604
55.0973455862669
63.7795416037816
61.2849427043072
58.0399817606556
56.6652787339727
45.3180253959045
69.4996167185884
58.1602138472693
62.8898637329633
63.0409645132465
69.1168962181351
66.6510299852165
60.4227477292731
64.1745405443233
64.3144235768824
67.3110774680122
68.7411903862194
62.1222125868358
55.6026843586138
66.5775740712666
57.7087374185570
59.1966255006718
