65.7090194965142
57.1132269755503
58.2812149358597
58.8666832274714
66.8292675187309
65.3156254203447
62.2297645258900
53.6530270289692
48.2596109312844
59.7115052989928
69.7457664606592
64.8002251291584
68.9074109033732
68.1193089889264
50.8172912994518
69.5045903841968
68.7606160510598
67.5356035820462
65.2125631782947
68.1152783071649
54.5537631433141
59.3221741881978
58.0271813018985
55.9762854196519
50.6127222796564
60.6378893878659
64.2970682102374
69.1751455505831
63.4127414178954
68.0060826311422
63.7700472493974
