66.1987236293077
68.3479747930196
64.7229812027904
62.9482499025507
68.8340632145060
68.3802635809198
68.9921508114662
61.8660036277140
61.5865147225124
68.6513231513067
66.4954289873422
67.0019037360278
69.6748792901979
61.6393034491228
61.6498813926603
67.9520167347902
58.5558312480178
60.8653377043634
59.0585529538497
69.2633013959322
67.6579987087326
60.5296078053674
68.2914947503103
67.7820688223564
64.6694753125297
57.0157717821895
62.0091998993308
56.3538645128730
63.6942634435751
68.9144918866351
59.7007381234113
