-98.5286920567420
0.7010813661517
33.9225674708666
13.6889596311791
27.1720127770514
51.3380707428730
-46.0827089443281
24.0708697681157
-24.6088771109722
45.6792584341669
52.6349257850169
1.1960917744323
61.0987773143568
28.2108954242927
40.3368848293762
58.4569271668116
21.5659275034935
58.0841755800635
38.5493072490493
-8.7028734205908
51.6401823544717
42.2277224091688
-116.1903739114383
31.4730427144267
43.8450609734550
63.9657580878883
36.5293114007196
57.0463848697900
-9.9356626229243
44.3399483796582
13.2795318557278
