57.9487162844102
38.9141694402467
63.5422378438698
50.6006205365623
54.6951568013043
57.3738640181631
50.9178534351385
46.5675318836889
55.5316622063880
56.0158872772587
50.2442892539839
55.7523957347667
63.0858034976398
48.4795335735727
43.6926004000308
47.0399623288772
46.4559133664255
60.5801625342410
43.1878994144556
48.7359565042221
40.0329579263353
62.2795391386558
59.3762811476057
54.1568350484603
49.4786369927036
56.1417679139214
43.8126266300260
64.4641173032307
40.4878233994348
28.3989325602163
61.5256351875915
