61.4810290416841
64.2262273232910
49.3798746715485
55.9964526026141
65.9448671206303
68.8421422774173
62.0945076741750
61.0582042442722
45.1385522505926
67.3287176999286
67.6047327302543
68.2194325294678
67.3888583496155
58.1009330638866
66.5271422484278
69.0936935581617
67.2073697996650
62.6363550979142
60.1210527258830
62.9885827205587
59.0195142403021
57.6995569133558
64.2421132446537
59.5295793742110
51.4909581012979
66.3168557197263
67.0925738404125
68.3358591931114
65.5526788027432
62.3726192317057
59.8832569449918
