67.7456644911671
68.6883429351787
68.1766347680876
65.5163197803069
65.1915226839573
62.7247334864148
67.8394735023607
61.0072984754026
59.1407571793253
50.1811189753290
64.5705632450667
57.4129882952648
67.0005743732364
64.3703513916591
53.8575671630558
68.2877388330428
68.0072117293113
67.8107006616229
59.5846096100460
58.8037824683916
35.7486602489576
66.2253912265949
64.3002366945991
60.6430047492694
67.5319902361067
58.3901162835882
55.5520681618800
66.0002801830171
40.0784928135832
60.8436865597456
62.3910033303294
