59.7101606129605
54.9448525837843
68.3452168931024
68.2369208969563
61.0488926847936
65.3742541663069
69.4698023636784
51.7890433002466
46.6270583713293
60.2107520871103
60.7963280148572
68.3357299238344
57.2075314434455
60.1297995982685
66.5823843795100
65.4921273613910
61.7450251100279
51.6080390974330
58.2165138056893
66.5846683073562
52.6618679279327
66.4377807112568
60.5170920670150
61.1804577052042
66.1937613404226
67.5598617586881
55.1155004944235
53.8083168794995
65.9338830777535
65.8880399892089
59.5248420297522
