67.0583694628700
58.2121997511947
65.9735410683680
66.7810118601646
67.6370169475859
61.3912480531651
65.9904797395564
48.1311058988251
51.5926914103491
65.7400171396508
54.1207913673861
61.0130472662850
56.2547196379675
55.7656129076768
55.1056509780547
63.3787270115610
63.1079983327156
48.4982701417743
66.6064651768258
56.8690781247890
62.1692149245975
66.0328108046059
66.5669221539459
62.2223213949117
61.3429863004883
65.1624897107994
62.0882617600310
67.3482191109626
49.8009309784851
59.7420040007964
58.7813448013354
