65.9077455324109
58.9197262100410
66.6260606125680
55.6800894797120
68.5292332122448
60.6388452055814
68.1745337322851
66.2820043143175
41.3884122401140
68.9891296366846
64.4686576937238
67.8813547320411
57.9016440041360
60.8589908288707
57.8848109525590
66.9704251348873
56.4701163987100
65.8681780219585
61.3288493150325
62.5765811504337
54.9656882108436
67.6726172344947
57.0424355507061
63.4252316593301
61.4496880606846
55.4967822308064
67.2211351383907
51.9937871111422
66.2388400754523
67.9508288027087
55.0482708197721
