48.2446598836295
67.9955153708787
67.7401501505677
59.4773628925105
66.5784897983794
63.4253799767085
68.8143858853456
63.6998001191306
57.2671495073494
64.1417963950987
64.3869221348563
54.1800310974441
60.1701828943775
63.0896210062364
60.8588254089352
56.8037582756993
68.2571930538692
62.0491973914580
63.9669160117911
66.5413598515854
52.8118831469442
62.4297313163982
61.2036173302054
68.7047197848844
64.9977726393577
64.2529108467136
59.2046272999438
61.9635736655112
67.2206673798921
67.1351298335713
67.8624761745283
