65.6332675856580
47.7836857524915
61.2858247661964
55.5123348829310
64.3602305469139
62.4663200355223
64.0926839794605
68.6841309141872
47.3870552395721
52.7087494300969
67.0764125717615
65.7703969390585
68.1919469354485
60.4584389683150
63.1472249737708
67.8102890558884
65.2219496848427
67.8875782439303
63.3456134995991
64.7139496844972
64.3045452510974
65.7211520431116
63.5638409122391
69.3390082451388
47.4574328438383
54.2655488875477
66.8863657955428
65.9111397470181
67.7636981261979
68.7771224637250
62.2325630534111
