66.7263140266357
65.0435739678838
62.8281101926791
58.5556267897359
63.7691631540638
60.3260722914787
68.1391612398076
59.2537178151757
66.1104041335637
57.1308760241100
59.8473133786610
59.4683824649539
67.0018956561644
67.6320283823749
62.6427501601003
68.6603827549860
66.0584379526475
65.9587701086694
63.6764409375256
59.5238176472850
64.5345909249703
63.9850657556978
61.7667102541027
53.4051960838134
55.2442561550958
64.9484573748217
51.8400869223850
62.1005208164851
61.0965938499603
67.5371746218340
64.9645099817408
