-35.4190472901084
23.8446317747677
45.3502908890976
-23.4391144299942
21.5227357284219
8.7423863099918
-53.8147123339768
-12.3381837590495
25.6859211197752
52.5104802007346
65.1067306065943
22.2091441223536
57.1618343537029
18.3865340506305
9.6627165810774
40.2751949995190
24.2113252252404
37.9219429676010
22.9229274574824
-16.0842457745205
-14.6405532315814
42.5904725876193
-76.8187204747891
30.1097860718107
58.4426536704241
65.2197291466149
13.3114721678386
47.0676128792253
-20.0034826582694
29.7780632917629
29.0134693382238
