36.8155556950472
62.7279361036707
39.5986560011825
57.4291764001787
22.1236759237585
22.9856313703779
60.7309800393269
60.3696648321628
14.7504895335617
46.7969410085648
53.2441330314381
48.5897315114044
29.0116635748468
43.0398523651298
22.6422577476138
43.5521777359280
62.7025344628595
53.3921351915688
62.3612553753431
30.2487699952876
38.2060116042382
33.5283942419897
35.4773891558102
55.0568640187689
30.0725615670656
32.8276081552103
36.9216672720091
44.2955848349541
41.3332836500244
56.1621287729987
67.2032785244121
