62.5621244946320
61.5155683487580
62.7040872532155
66.8366348588043
66.8139421005473
64.3011793627101
65.9072633752237
66.5905531636631
61.7436034151793
61.7696784072368
64.1297918013602
57.0630001326308
60.6183686169186
63.4350488125217
53.8631254944450
65.6821807202804
62.2873666456460
60.3901239341248
66.9930645721658
69.1476568946218
62.4571966032770
65.0240036851873
58.6647417641199
59.1418784844041
64.8767098812243
67.1835907229533
62.3300032205110
68.0225667469968
66.6263736982280
64.1323641637312
65.2788205366281
