64.5694991409499
59.8073130992736
67.9182169398941
56.5870831713324
69.0425850947300
60.9290778568508
68.4124904931587
67.3038149175242
66.2346529312645
67.3294124639111
65.2119679614576
67.8706804711992
57.4918593265942
59.3909454529201
57.3799780659641
66.5101396289415
58.1428768970153
66.7969113964191
59.7417336589239
62.7748844170048
56.9765313269860
66.9252476249644
55.4456178306786
63.5201968727888
61.8057777601952
61.0850552702279
66.4950461608301
52.7351842934101
64.6503157738848
68.5808595928692
54.8015608506816
