64.4585841010695
52.0078644383613
65.8824155397853
56.2221922044614
57.2949519973404
48.0431143249415
60.9525113837083
63.6683107297751
62.4663770463648
62.2528137970263
66.5253814328100
60.8478015157105
61.3427212471960
49.6692602840216
53.2491128849770
61.1907940231798
47.1991580778212
57.9213588856859
53.7872346168631
46.5044801137820
62.3866539567979
66.5242837628229
57.7656949869125
65.2391453331065
61.6929545821317
64.4430150583137
63.3509110955259
48.9047985539179
62.9672290881363
63.2774163602462
39.2790369481530
