68.0263224162999
64.2213819539648
66.9101884162420
63.0848376066439
59.5738639442671
65.6215132179689
64.8328196597281
49.1615963028323
52.8157339072271
65.0887064348179
64.9569113992288
61.2406038156782
53.1553109219796
64.7624681234145
55.5456375368203
52.0813694202027
61.6114068150638
53.0974810033638
63.5376630319087
63.6118440284955
65.9242329649454
60.8326053076006
62.6001510938748
63.2482655024940
61.7790263617537
63.4465457449368
55.1219752665227
69.2742548423977
51.6095015851819
66.3071901067086
66.5428713655555
