68.1597916934502
68.3187524048555
66.7669023008881
66.8934234802271
63.3808733129162
60.7178437563486
69.3837179772789
60.5265023812788
61.4234606504676
64.2468906768424
49.8428347423934
65.7400876594396
67.7035142186789
54.0703276706857
57.9742533907523
62.5844419948947
65.2218327488427
51.6801508745712
65.2364174654028
64.6656856023772
67.9509607409977
61.3699426159195
64.3042575203140
64.5563535095177
62.3566361430352
65.1672600501754
68.4759341365730
65.5991540026417
55.3393548609386
63.1061113267517
54.3785816348755
