54.2844183845933
57.8766703653625
68.3272851560228
66.6616478933691
67.1927587869051
68.7656054157161
63.0653490027770
66.4410414334925
64.2323203284836
68.7836262684371
60.8046620419664
62.0084279888765
44.1303322016214
64.9767394809040
67.7063339025231
58.5500349799042
59.1793210952213
58.1953086002549
58.2582128093841
67.0727752261177
64.2708629577964
66.3613187656769
54.2740684327226
59.9377746814525
65.8808177676781
58.9393428909768
50.7235801200585
59.2122642056203
58.8804048230286
56.5676382397979
59.1578124962011
