66.1469734148288
68.9459870560234
63.9871794102984
62.4613537960249
68.6877145733143
68.3757703055405
68.4236936730104
61.7487065282696
61.4986178555494
68.6402143172039
66.5812758537939
66.7249390611596
69.7942904069018
66.0305696546796
61.2747586413868
67.9811054313566
53.2843628259025
60.3327015422703
58.7646324551286
68.2040384172998
66.5729403725013
60.2668869533846
67.7632696002062
67.7116009234876
64.3357751565084
56.7014657193480
61.7476086577182
56.0662345996829
60.5778410031094
68.9544137815106
59.6325591852581
