64.7348529159680
58.0824946164838
62.1744058509102
55.9799023769741
58.9514493990669
53.5723580651667
61.0811227584021
65.2900275795594
65.8760872452667
52.9002548379647
69.0238013894683
51.0275689400745
50.9203512068455
55.5456136273579
62.4963100989523
67.1226622748252
58.3607574391832
66.4938263684771
60.8737349763800
60.9921550936631
58.4031830253530
67.5175914965441
66.6151715839153
65.6357001200011
65.5335880185517
61.0324900886415
59.1939106748480
57.9579155115999
63.2081998335924
46.0142751170043
41.0934815590896
