67.7100531967371
62.8865368972797
58.7999956406158
57.5256786266335
58.8925465188353
42.7181612630670
56.1815117737865
67.5839792018269
67.4883731177142
57.7302345104570
62.2660284558738
56.1977809396468
57.6300751918603
45.5968440772727
64.6209789097451
62.2580932072740
57.7800690188913
61.2663259608682
64.7520090161722
67.1530806506717
63.8565745462464
66.4352798754889
68.7010342559190
65.4824263388427
63.8402019198841
55.9563453183985
66.5715570543328
66.8049386375933
61.9134559346534
54.0003477547390
56.8298983154387
