52.2823452003119
57.6483909311202
60.2573183922055
61.3438479076061
66.2869726785361
67.8273752668459
59.1460749161994
64.1202669877418
58.0548683136072
67.0472064860578
59.8912362054572
61.4048289445642
46.2258092021951
56.1870136020298
58.0709747073663
68.1205744035631
57.2570167410414
53.2775823580086
56.4401584978314
60.2770858891574
65.5567723745901
65.7239345098524
49.6213347392788
61.9822616119821
67.7640075520971
59.7440139213692
55.1721951094242
49.5654411082549
59.6615034045154
63.4354881411073
67.3130379622299
