61.1585390944012
64.5254208182761
56.7131776435223
56.5221384562861
58.1289231627855
67.1368256920778
69.1105857308536
59.3060106733241
54.4068292926528
54.3142983044032
64.8344915835532
61.0340023623626
55.7672703080037
59.3671942869605
56.6808087129137
68.6432761006315
58.1992273414547
62.1122663792291
65.0190577628442
68.4754774671301
66.7235813565151
59.2998574911227
62.9538551807346
62.7986440958618
66.7961022940646
67.2746390833246
61.4634370526903
54.8002724016966
66.1925078147871
59.0018975915168
61.3475921760972
