59.3608629016142
60.7499383276577
67.5225095708214
68.0642507590192
65.5376182370993
63.2965694523397
64.4380463430895
58.0709973523981
52.2023470822185
62.7634021650510
62.3308895429631
67.1920258440493
56.0454572832657
52.0471866719088
65.4652173140760
64.9314848916644
60.2176647896257
51.7284415396627
69.0732931239802
65.3281660272714
64.6063341884992
65.7179233840617
60.9652391314467
62.2298240827519
64.5600212351480
61.2472664871853
61.2119099518254
66.5394096623235
63.6333819544344
65.9512206201383
64.1125496923531
