53.3768276126271
57.9015202918638
60.4049081083134
62.3283383449525
67.2097894970493
67.9464239027987
59.8849830107288
64.3779059091207
58.1467196969779
67.2925624461576
60.1701375929403
61.4048289445642
48.1553153429062
57.0116769754220
62.4457842573744
68.4347068846857
57.9289838477999
54.5200078480090
57.0533828042089
60.3998996105587
66.1952905387881
67.4889386636786
49.9335866196904
65.0665230544512
67.7640075520971
60.0467249205163
55.9910153986115
52.8051344905450
60.1628340254723
63.8342354956007
67.4300498473683
