59.0283988639128
63.7277408824889
69.0900103114183
47.2312152085422
65.1345370787446
68.7343288483839
67.5384757487903
60.4048082788056
61.0928069773201
66.0578878698143
68.1420855354284
58.2645414701758
61.6080299896302
65.6481383218655
46.8522746202461
65.3117554237779
55.7981784473507
66.2063068415111
66.0581909257180
55.4565943863667
64.4552391826081
58.6487112507431
66.9934134054489
67.1283745450064
65.5409647934645
62.8613619014177
63.6467671072829
65.8601811326676
62.0884208788139
66.7868343679707
65.8745274594656
