52.0569256336243
64.6881985472122
63.9003372492419
66.6890515483116
66.4606221812252
57.2778028499119
69.5575724612768
69.3190081898019
41.1452478208365
60.2541435598811
67.5618528239984
62.6812190524875
64.6547680935752
61.2467047631989
54.0113812914085
62.0048330078434
53.1353050338796
62.5573971353532
66.6894161520445
65.7523851656600
59.5743573024557
51.6362993600957
61.7559427320917
65.3469122788583
62.0336338557307
66.4314448027499
62.3272850740165
51.7575456271249
51.6283574882370
64.2084891033435
66.7794193131055
