67.8261174797181
62.8634132909870
66.6187437071728
69.1148116891358
65.3720835390087
58.9943468493402
66.3447258371225
66.2967920168130
54.2354218264500
63.9684154906740
47.8734397842542
68.3837065113813
65.8140713548785
69.5923523883028
67.6140278976305
65.9825834822709
60.8263860306392
58.1148244575620
61.0802453866243
69.0706943654708
64.3224510884035
64.3798284303939
54.2786471950306
54.0788231381769
67.6776919482053
66.0789800900174
48.1007520343008
60.9216938588682
66.5538587521171
66.2026004337073
63.8757316401542
