67.0975063453335
63.4518743571589
63.8945722434586
67.1217054141408
63.3579912939139
62.9839413046806
59.6408927935935
55.1123337391799
54.8184225214087
55.1407648123319
61.2717197499142
66.9288841772470
51.4432909350768
59.9022668664825
69.1413200546260
65.5959064135019
58.3261169889606
52.9124394083824
63.2069375183202
68.1102803666184
51.6999296539817
68.1882003861607
61.8887838730289
60.9940658444337
52.3125616149138
65.9875545024538
62.5333249718884
67.1021235215655
66.0606012073189
68.5360484746425
67.3074413239191
