55.9788645155638
68.8277130879569
65.4498666862747
63.1165030221426
60.1927005867358
63.5808354212620
67.4681167510673
63.3257555645234
65.8189224116452
63.7868361696952
67.2040160065060
59.5143131481394
50.7481502350212
53.9855244637034
65.5019276623397
59.2699329096805
66.4015928724710
66.8229189082707
63.0658199409572
62.1940696887956
61.4703553026965
56.0815403628124
58.6834654907580
61.8850453172782
68.3839951908925
46.5246218510154
68.2500964542717
63.8333148090837
67.6021769639851
68.1959363348050
63.6388860706433
