23.1968938899860
64.9103929353235
42.0967843817621
68.6816447300424
62.9065295076997
53.0742821575426
65.7070438022533
49.3384820138386
49.4107952326176
50.2362032291514
42.2893152313036
37.5706340218902
45.1610881751002
49.0823102696419
65.8245839597760
51.5532975898026
29.6303750600478
51.4789221598771
69.9698467233716
68.2264650015912
44.9719810336517
56.9631463410762
41.6915208096783
62.9104651605437
42.6404592728915
59.9901365636661
37.1638640061208
54.1196791564930
64.9287574863571
65.1853114794461
59.5409739094452
