54.1643357569661
60.1062864657471
46.3775461073356
54.5497326268396
64.1701063832965
48.6407515412107
66.5935658184245
47.0153368905056
43.8160066351596
56.5645487112657
59.0676439109096
45.0897083462290
44.8366287852098
42.2821583152153
52.8298327369989
62.9747840904489
51.7764499449706
57.7456441136311
64.7917485004459
68.7801834881859
46.3998660291936
37.4343801737529
41.3703692321866
57.3628029506455
49.0073620192312
53.6813209286311
48.5019249570135
40.9239356600316
64.0851067067082
69.5390032212048
38.1890972459645
