63.6457177896323
62.1957387704295
61.8657907043646
66.5275254793137
66.6971079741814
48.9110638867192
68.1714082558573
61.6992215456052
48.0715656033437
50.7489040440775
53.6431813927188
44.4926464696478
60.3037398673654
40.5923493823770
30.0119268797718
67.9576356138515
61.0452739333355
31.7077293755759
37.6056748632620
54.7661834037462
66.4372667719515
64.4079181948396
29.3369579503578
51.0986973527377
32.4753210614760
66.9171564689751
42.7564983129330
63.5559379590187
37.2737883616411
51.4807712016063
41.0604578016703
