50.3887194269068
65.1978210412877
55.7266819424251
65.4231472611567
50.3285559328393
54.8268546787722
56.0799532471468
69.1855042012617
65.0967814174142
56.5425307063142
40.8923675643629
66.1802737548898
57.9047781058304
36.4725094552600
56.1595858784545
55.6770174894710
30.5950937570514
66.7531186133805
46.6992221578252
62.1241341679141
32.7778877451220
56.9971309468052
59.6528922066567
32.6235086925439
52.6661022090614
63.6725592912483
41.5124668481566
66.5579690689033
67.5983253663918
43.4944095322893
36.7753996043038
