56.8905473059131
62.2245607363147
42.8328537608120
35.2995773241451
45.0968682848038
34.2130645836355
52.2127646784260
50.5671656455828
58.1544796067083
48.0321045166046
67.0821374150499
30.3892462201595
31.7991771067720
32.5687731410750
56.3707570247311
64.9804461884871
68.8543620202740
62.1917778369702
42.5990134426334
45.6618815264432
68.0634207767100
64.7445594166002
69.2297184686853
67.6218224103833
68.7723425284350
60.6461148250496
58.6392901037410
61.3942758871536
48.4854748231258
51.7410084510332
33.4436734339863
