43.7065402174658
45.0951843521794
46.2631296920432
38.5957976140820
54.6750043635586
67.7611125388952
60.4280010541588
46.8053364049891
69.1632499596418
68.5675041769585
61.5105398874055
67.1209541254562
47.3359384642921
65.1667730208458
51.0856016446240
44.6097355837517
37.6195838310418
66.5682715855181
45.3998665218682
52.8901506285358
50.4494672100557
53.4053088976325
64.2422221688760
66.0038921958853
66.1868114683424
42.4815596641415
52.7294451502074
60.1987015177243
54.3565207913946
40.5453328889304
32.2861827745150
