45.8552689539676
45.1347010744387
52.2046844414749
60.7718135333436
69.2838021189173
43.9010182232217
48.5565930464128
40.0818464113060
52.0186665830365
62.6708038194693
59.0942695821903
49.8978100649406
40.6364512379575
44.9881926764621
61.8099587386754
57.5730311029977
54.7539948408100
44.7553117930249
52.8806464868653
44.1945021159910
29.5015588839754
31.7263749706325
50.2151638918241
60.7115443134590
56.9206223860842
53.6123387495715
49.8484225028032
30.0754235436456
44.3658122086384
47.4224728853597
54.3603702195310
