54.8761331072166
62.1599592876786
66.1013269236223
65.1136479542554
59.1589317528450
60.4559689411264
65.7982385598999
54.2159953527712
48.4264544764915
66.2091971515948
62.5784670744986
66.4780401918317
54.9052243218567
59.0990663182327
48.0661177136349
66.0112662428994
56.0383399081537
51.1875146019312
62.5772442725107
57.8711558542539
65.7396160269566
60.2890137001323
59.1677680702061
64.5788319190614
61.1292847838147
62.8056579031951
52.4360635029097
57.4143551010311
59.5019735381166
67.4291088168173
68.4641765416450
