65.3959167015100
52.9373115504056
65.1635031736445
57.0403074808345
59.5865852751820
52.8756616077006
63.9792274505127
67.5308534419102
66.5353688170199
51.9034647869002
69.7947941389869
52.9034928866148
54.9085611591316
57.2220129456870
47.9583615122453
69.2208811299772
65.0067703530369
67.4653444337240
63.8567707267164
58.4894563975115
59.5324757287650
68.9106417652996
68.2370536944144
68.2423020955665
66.7307934631145
62.9989615067646
65.9197115113614
58.7281921859999
64.6485386713371
51.6583500553537
40.9727783365636
