64.2329167470990
53.4685046167081
68.4586614686541
66.3799052528882
62.0268989626809
64.3873651555204
68.1678006404768
56.4152155649329
39.3699677846887
64.1097694070488
67.0932641910704
68.8646608032455
52.2454633844592
62.2810886324345
65.3356713618285
67.0224373801689
60.8213576520587
53.6964436995679
59.3489584568257
65.4366950086437
55.6840076422570
61.5520584300389
58.6312067651663
58.3323281976674
68.0707383180292
66.0255283727507
69.5716772278647
59.6869586411669
68.1219361111275
61.0053808087715
60.3084779022510
