53.3204587746438
55.8970125480953
67.1516021791082
59.3135850356506
64.4291286883479
62.5811237403967
65.1063253522425
63.5213939888917
55.1971334914811
64.5207609604633
64.1348493164652
61.8852221692421
54.4942680314322
64.5308051206007
65.1805630583748
66.5399896183794
50.9442339046523
67.0745340441522
68.2988678952093
57.9446891615383
57.2827090510350
53.1741402840079
67.5628678506535
66.0785188152033
49.5103563714966
64.5824498349519
62.6523895228545
60.3031580135446
60.7646949804437
66.6243157378694
65.5131071474297
