60.6735577272364
42.5137281674785
67.7396326827499
68.7867544990754
69.7372638254701
56.0135834981019
58.1973797378133
64.9316058752988
64.4155955436378
51.6703336015464
62.2650473905678
62.9267639758432
66.9724287330339
51.6991170937076
68.2405299272825
57.8535170409976
59.5675685990081
63.8165124207346
66.9360014305429
66.6072644158652
61.0889179729455
59.3650956278550
64.0592369223463
69.9428928311613
53.4521912493014
67.7266560491336
66.9491736962026
68.0647145708164
56.8750655888418
58.0294530930951
47.9550101264934
