44.0884702573803
69.6190160841283
68.3831001337720
66.5317864032956
59.4587877303252
59.2495564220194
67.0195402068012
66.5363646134512
54.6352687794995
65.9524609819864
67.5617699387605
67.4383590220535
66.6705496856951
55.7363500762867
59.2469979445982
59.1148149614757
63.6998523930184
64.4812322207129
52.7569673484328
58.7269724031225
57.1204848340439
45.6370479304598
66.0907679640908
62.9190089879013
66.4106873688463
53.8647217025426
58.1344487914913
56.7935831077563
60.7377338140344
65.1208890034978
67.6615888158209
