53.8215059020726
65.8314342492381
66.1442263767600
45.1794980031971
66.4727390141489
66.5737777256539
67.6367859474515
57.5319468540253
69.3735384526732
66.2714766777480
68.9345974905462
63.4472396175321
59.1016246733876
65.6555796977934
63.8430201874833
63.4433552920699
59.6449588436761
63.7308835891591
61.2484978370815
61.8819404197221
67.0841069958815
59.9764049697276
59.2953937081351
68.3164358863508
59.4001627592819
65.4919571548641
63.7509257509778
61.1572065923326
68.0137952004109
66.1891140191437
67.9784851621364
