67.5835557213991
68.9033770165608
67.4332977006055
49.4892073451077
64.8930965882487
67.9185286167702
66.7034305231070
64.5826171192772
68.3558194495139
68.4427610312077
66.5355446794391
66.5164905188666
68.4468350944610
63.6938863832011
51.3127697040323
65.6226183560747
53.7892012332469
66.6574220774906
56.8814617542782
66.2077665770124
64.1561274353599
62.1366198808635
64.8894671264264
65.4475998708408
66.1785051342511
51.4075464567904
66.7660002033507
68.9035064718027
66.9154329876469
67.8178150338977
62.4861584593352
