68.2207919884217
61.7888278576689
63.2360047664321
63.4219798670019
65.0139521522031
52.3079741966190
62.4971123160743
59.6848993333121
51.9238208764652
58.3119456050536
49.2990507660770
55.1288144156523
68.3605998154940
64.7317961182905
63.4924144105115
60.6126238662793
57.4553195272677
66.1114785783671
60.4419230092404
59.5713545332970
67.8753520570493
63.8045665935120
48.8901615647830
49.2762359832117
61.9455879637557
66.2321977093536
51.8957616541988
63.2574354135053
65.5569936462565
62.8093953939491
56.8897109633283
