65.5336687137428
68.6839154432080
68.6282931360647
66.5265914317638
64.9779585989874
58.0586961029108
58.6834596681633
59.3512041031531
62.0283752819907
50.0684131889397
51.2736416877719
58.7235377307825
68.8240431918318
65.2445452476185
66.2149175200774
63.6950732114692
63.6723964043112
62.4449083002798
64.4616253419490
52.6356093084717
64.4613954030204
64.2660687828196
60.3471157156904
42.8924962851653
59.1390005879497
60.3679107139455
48.5975706047591
57.2180588464427
66.8684587649988
58.5496748239006
64.9195801247257
