65.1724660833321
63.7146628195415
68.9333278948651
61.9276625173421
66.7243879939254
67.5945036417549
68.6394513573772
62.2555385925722
53.2010674599147
50.1686660429293
65.5408250704644
62.8763072891083
66.2761387336455
60.5617077935974
52.2862126473277
57.8240466635339
68.6121536245937
62.0666285508143
38.5967343084689
58.6858044315445
44.5067787766022
53.1136860662554
68.1789028057116
59.0361390673165
59.2592909381112
60.3407369256569
37.2879511057385
55.3828329181179
38.0770169958908
63.4028689381476
61.8788854472852
