64.3445906096258
67.5522914511925
64.0295138822880
45.9855366110274
64.6503125608309
67.7373509256465
60.7567694282040
63.1596894826018
57.2367131510798
64.4951926698978
66.3699875624130
65.8989781199512
67.7835380264472
54.0033431643291
49.0027163006620
65.2009242519932
51.3447787600983
64.6902006230611
55.9073485470464
64.7291999072072
63.9402332329771
60.5945723489088
63.9109507277211
65.7990457668549
65.4344989760633
46.9777772678070
65.5503000289397
61.8591486005025
66.3895603986304
66.9755522871691
59.5648933747476
