68.3661029891719
62.0472407979634
67.2041874222536
68.7430293767336
68.2792504567522
65.2075312473043
57.9490937729199
49.9097246501474
51.3589454192762
65.7182811262430
52.9507810738031
59.2562786560584
59.4978166711431
48.2327689501133
57.3893345805734
64.4474147142736
59.9165018481263
45.4118973493225
66.6519257567029
58.5998522902717
68.6625143054731
66.1754942346800
67.0894533838296
62.7260591179580
62.2638008489165
66.3914748572011
62.9796350960237
62.4466078050143
56.6151752964232
63.7884143976019
55.9378913913804
