66.9458209656918
63.8235877103311
66.5018038675539
62.9709454072011
59.9595884656546
64.4304909416083
59.0311305596578
46.3874903640679
52.6815388670432
65.5322563890699
64.5408240273239
59.9039399988147
54.1420216519892
60.3202872280333
47.4272001097571
51.0024892696062
55.2749271015439
45.7794229077386
64.0144372909221
50.4608285529474
65.0282749581608
57.1029774203521
60.6505268579148
63.1976658179067
60.8555676827340
61.7909430067327
53.3212555083340
53.0396516512151
45.6731922930568
65.7459255483800
58.4827572157989
