57.8361739275555
68.0476293926705
67.1498269229472
53.5815183556358
62.8625528185060
32.7183497196615
57.1674818501068
68.2077251654620
63.2531148067217
59.9615202603461
67.1815746952740
57.1198816912999
64.6742303815180
51.9803674692478
65.0645191665645
66.5809859960125
56.7992882905745
61.3671201907926
69.0136023634006
64.7711985511219
66.5642078690882
66.8847005362559
67.9690103662085
58.7315030088146
66.1885773860822
60.0039241183387
62.9826447896227
66.4447783190576
60.3072497059798
66.3246494435187
59.8001084110115
