64.4146236374389
68.5493786906513
67.0567642571294
68.0560122174028
67.2036098859925
68.5487572560050
59.9841506250671
68.4321609194520
59.3921981293388
54.9695786583336
67.9244860582057
65.5045272439720
68.0676092515172
69.2683014870613
58.0507720884047
68.8092207847220
65.2402265118114
65.5055153401159
60.9934913938768
59.1766780809430
47.2161335619226
65.2515923154073
61.9608042573205
57.8655345305067
63.2933992918064
60.8615531195841
62.1883197131203
69.2047784548463
38.5223093081910
67.6539349951858
63.3570068328495
