68.4491408741773
64.9858301593180
55.3767123621495
59.6065384180246
69.6888371537856
59.6638382250162
69.3890005434143
53.8471128103419
47.8552020196175
56.3425967487809
57.9482933022725
69.0383448654831
61.3254005752115
57.2829160685810
60.3643629687872
69.2977320112121
69.2812501311004
66.7182798887638
68.8867257781773
62.8638151113266
63.4603251273118
64.7774844887732
65.8933520480050
69.4292066376770
54.3613089721258
64.5068989856335
61.7653970101187
63.9458388308655
64.2186262184738
69.4015944560495
62.0996733683515
