49.1535450943217
56.2018664268953
60.7729626716021
64.4030037826047
67.1440810691214
59.1837475648870
62.0025454848653
60.5390971876493
66.9912925488318
68.9277672912248
62.8021011025582
55.3123193799341
48.9134869634659
63.0610259143786
57.4905198427965
68.0352248356705
59.9439667762597
66.4895180142269
59.1140801063816
56.5440062734842
64.3395670955093
63.6794343338492
59.7778929386226
56.9514495426581
66.8990151450173
58.1635161439442
49.2100418238583
57.4402052099047
64.6185685891902
59.3899177825663
66.4245270855877
