65.1845520184159
63.5168575414200
61.1685335637394
67.9075409587743
63.6231011061549
65.2033638262534
67.3516482258375
60.6907155282722
58.0785743978685
60.5328793072671
66.0513634777071
64.6317250260278
61.8541773946848
62.9731611494438
67.2616573339841
66.8419358306852
65.6445252670785
63.8837762725650
65.4283157690694
65.2858504490456
63.3294875264983
64.5131254626180
63.6986731190324
59.2404813192611
59.5382949988442
66.5921257039248
65.8462377595854
63.5542820956799
67.3520552260996
66.1865914615155
64.4756642136218
