67.7785329824069
58.5773057041201
68.3410598984771
66.3611243371475
67.3216731900058
65.2822910026540
64.8160195296740
64.1580933525334
65.4089431045362
60.0770504013516
61.6164416409267
67.2082789922398
67.7452386767816
67.1625772759897
67.4320722358849
68.9708043273410
67.7918789238571
68.3337627327266
61.1345457412086
65.5945731530239
60.4882962568085
66.6258852073579
68.5762812288778
65.5059182021982
65.9127260154013
68.3798413300346
67.8775700420911
64.2066954283222
45.8529786924728
68.5955330558542
63.4626379573769
