51.3155387814530
55.9001976085792
48.4811504576729
53.9035073453121
58.6309050227219
67.9586892806805
23.2609685949707
59.4017125747907
-109.9618467547928
47.2041001220762
53.9438656931621
49.6852789954410
37.7208457711466
47.3851238852623
20.0062803665122
51.5639904976816
44.1794527061755
29.2048015968931
50.3270827524887
30.3647078332016
41.0923765921656
53.4537514353755
64.9419680604737
32.2045241600090
38.5563295878880
51.4111280261268
40.6858706266978
39.8758387040088
48.4421506576412
45.9530362466260
36.6593091793470
