67.3157766250961
62.2142881278336
64.7295706224274
60.2401191298135
65.0224069315003
63.5895166152244
65.2473399872804
61.1159441441662
62.9136971319249
66.0297828754070
65.6637324826128
68.4289373343353
67.1164707837441
67.6628768018702
64.1583796343383
60.7235255210415
62.9938502497102
65.3066006594455
62.4756683188277
63.4620407278792
65.6206967895866
65.7406803148531
67.8374943299393
67.2927690378302
63.6142712520049
65.8762937848533
58.8727061266748
62.9860041905653
66.7323031762020
62.7360183839769
64.1626039133996
