43.9846866522991
60.2842694466493
55.2244567370601
14.6526394313608
45.9035368005958
53.6166641150601
49.8989087557316
36.0770245685382
47.0684615458639
53.5008059434918
43.8101228106357
66.5372054417758
39.5722247394892
62.4845048160596
34.8826427492004
42.9532643142702
58.3660529051409
54.2189174546968
36.4949893130018
34.2784807784839
64.3979869592231
50.4210364049284
17.3597372670470
30.3926882894001
59.9073676872355
60.3101059231401
54.3899985650938
35.2182567638666
58.7151985274166
40.1092578838898
32.9608673489816
