29.2524068320149
29.8762628920376
37.3566981629545
21.0400899292205
18.8427583699231
36.0726556304153
43.1547431784394
49.0338591821447
0.8359304829818
55.8965932176845
45.6509437605014
19.8457869988425
21.1850198454388
21.3752643253065
25.8699944966193
33.4217727465797
19.0322039165456
48.1259013776618
26.3936206782718
38.3408666382604
59.0535708361888
23.2061031260027
17.0297448994071
17.9264986073131
49.0689537093264
17.9418149178106
35.4975400122541
24.9851195085650
52.3143197368486
29.2600222739018
28.9723052495527
