-24.3232451981974
59.1913550161303
-6.5778022250297
-103.6755639694956
-77.4782956545175
-2.7543035643753
-70.3322705750301
-35.0615213090902
-14.8200608222505
47.5684747054055
-71.8167439105513
-86.9149918755378
-23.8627462537309
46.3115784254787
-56.7853043097101
-57.6038330129295
-32.1327263156853
15.5116032321262
18.8223642772047
-12.1219351819388
59.5801529808160
-56.5807900579033
4.1943825437918
-31.0497784451987
-39.0367572750061
-49.3804045807193
31.8830511857279
3.8131842210630
18.2617086980176
-76.0263470193126
7.2422972754789
