53.7201940140403
56.1023571246896
31.4421363637012
39.3297079672304
55.4331309579904
52.2843493300504
31.2100487906365
26.9176159365343
38.7431597441706
41.6626497592826
49.1163265769274
37.6952493606727
55.4499879676337
52.8575366696942
55.4338024494296
18.7701723036159
50.9122896318225
60.2018654334198
54.5415240692254
51.3348642395681
61.2006168719820
46.0623224505912
43.3534322961427
27.3188502274769
65.8552673042360
58.4059576284277
64.5906057133599
38.7143946440037
45.9296829676889
58.6371011387457
53.6469306061976
