55.1395703558478
30.7811355124999
33.9984763158154
17.1541650371509
41.3894323659422
32.1555071500640
29.1571161003892
17.2733684106056
21.7111648129710
17.7109386768141
35.0428661590747
11.8395331841906
52.2081521259333
34.1464360452598
50.4899947955953
53.6457849233037
20.5774107665350
32.0208027757977
35.5295580317005
48.9367396971917
46.2035102202854
49.1675416801943
21.5273304095891
30.9698590600487
30.1391659168595
61.1728363496298
20.7369388258527
48.9244244154875
47.9347711683344
35.1143378575850
18.0416586580956
