50.5626169907450
47.6833466355809
58.7699279186187
51.0343679633914
58.9119456020466
48.7738578343626
44.4559937367454
69.1707397534257
59.5149959619027
39.8429315611498
39.8237278654661
31.1882957985477
41.3503589375695
40.5744710895160
58.8422265661670
45.4950013404227
39.3649309009857
47.1622345514654
40.5222715377839
58.7461683956999
20.8305622984915
50.1512680849035
28.1053217581741
42.6842957392927
44.7165014029398
63.0132222043768
46.1443597834975
38.6540905608216
41.4697073044598
67.3189973136337
65.4259116577364
