59.9531083466650
67.6967711892049
55.6037706672707
36.8893732632056
56.1896613926789
53.2310007884376
53.3694510753343
31.7814063089265
37.1671079941230
63.5233344069840
54.8508372166580
56.5262318782755
45.7310631834105
52.5947957510297
46.3890373527241
58.3302972467057
62.8513467096657
56.1345663269030
32.3420799050620
64.5096016453165
46.0677066849652
38.8206191733338
37.5590542522572
51.6166381406859
31.3138132232301
44.4628299472666
61.1322939612455
48.4534299776240
46.5953460431099
55.1556392116999
64.9085090136662
