54.0956260912539
66.0009708284190
58.0087751869085
36.8839196991157
57.2450097532663
61.5453581514636
64.5863634541578
60.7397591373254
67.2864407892556
62.3081642641531
61.9091523170184
61.0840641637293
47.1179955072155
65.6368582043037
63.6928250099457
64.5058876604906
38.3493067768942
55.3706951993355
48.0874569718546
65.1502286757169
53.7731900541490
63.1813283223837
63.2885910378436
66.7498596996330
55.4069943847874
63.2361083361677
55.2152949861677
63.7960427508376
63.8119039219958
59.9780133860316
66.0941469562530
