64.6319250092011
65.8072532593724
65.6969671679956
64.4910524988623
68.3150440719210
65.4234538694773
66.0210263442677
63.2839248323004
65.1249377309424
65.2803367633803
65.3581538059989
66.7193908417385
65.5569219131199
58.7263356845463
63.6667467643088
61.6183681721927
63.9562330317344
67.1953004919402
64.9440451487397
64.3956788506641
65.5479224287117
63.3087284654068
68.4893555578409
66.2968756448800
68.9048750997555
57.2316291632773
63.2871190066759
67.8901092731596
65.7357322142143
62.5552627056743
64.4847108511553
