52.6900203534148
53.9893553299408
61.2004411024170
53.3911954491530
55.7444453163306
64.1495635689276
50.1885195046452
52.0831693481912
55.3986314798426
60.5596851174251
67.9259739861840
53.8844461811721
65.8939048995659
51.3199464435477
53.7370557493501
47.5428877213132
49.3070510762330
32.1540094084576
41.7333058184824
59.6337673621982
63.7606511982512
55.3579274274640
53.9714675522968
64.3893639894061
65.1377421746802
63.9935687881968
42.6503141591126
46.5273723750913
67.2042691627172
63.2840830127086
66.3734989494993
