65.1683931743931
67.6566163288579
60.8155220386416
59.8099979440896
67.4801714456334
54.5017188242694
63.7671198630468
65.0986155892332
67.8282816663756
60.5831161144159
68.3987080844816
67.4069902260578
66.8338231401913
62.4559039728764
64.3731657008698
65.1757261593675
67.1684248792230
63.4074840510396
63.1804368397643
64.8724623441194
67.6310301568411
67.2136881729417
67.8098980612952
64.1827447416702
64.7745803958978
63.1064642397678
67.3034479710154
63.3995479562306
68.0522842030900
58.5646654969538
63.5757066223694
