67.0997414733037
65.9329382934625
65.2871837846317
67.2044481260849
45.5070792080238
47.9080741494144
67.4076607538079
53.7850340589248
64.4720999911368
66.5265872819338
64.2915559914817
68.5872538878816
57.5950378294417
64.6198223894678
63.2374729414983
64.7083642256164
68.1599005158333
59.3927228781429
67.7534581622729
54.6467343317690
64.0362989720517
61.0805199642132
66.6711941999628
64.9132096199833
63.2306992616910
50.9266739965660
65.3584010424563
67.3726774797711
58.6972202200741
54.6336691885899
55.6337711588590
