66.1277091284645
61.4702526160391
67.2553002442728
67.9758019086005
65.4910277372066
67.8918070442108
66.3602187877847
59.4010911194831
66.6261291644371
68.3403593223526
64.1264393942440
64.8051739694277
68.0977325303387
66.1833324320061
61.2590250473367
68.5910860632697
68.0679030375363
61.8508711510017
66.0516130905830
66.3987949286284
64.5907752576736
66.2881866780760
67.6821151164110
65.6995281746335
65.3836489916309
63.8821304968424
65.0590655497359
52.3109211719695
61.4299855074961
64.5086606659589
66.4112692920475
