46.7930815523052
54.2821631825512
61.1169283374308
47.0091772656698
49.6031299253018
43.6809945636993
51.0201278929730
49.0310441669194
55.8365046020588
48.3204852119806
64.1779833749117
30.6166671712434
46.9625712481498
50.2014178440861
63.3364692773566
38.7324100890210
42.5004724879971
32.2071481129096
54.8755468593427
54.6818564761658
38.8644306916318
66.6063568624727
36.6113245462857
52.4224657585277
44.2695393738964
46.5117317554493
58.1274632251543
50.9973924448987
61.2779515152012
46.3645688472365
44.9110162209308
