51.1403401403082
59.1945040210773
62.1977828951439
42.3026268117555
34.2048293154430
55.3112655331212
68.0522645798165
48.9421653109320
51.1665339502157
52.3487755627949
62.9415796676855
53.5777600392643
49.4233510844427
58.5073980127590
53.4807763963657
56.5536993165054
60.8163454015138
43.5765812023093
46.8159136917050
51.7703979236012
51.8385044254312
67.7056649745475
39.0419767152635
58.9125188840935
62.3272006034135
63.6418106225944
65.4474474002538
59.2773139303257
58.7262636034696
62.7731251949151
64.2783046453119
