54.0800654329292
52.5481086364916
61.5906586593925
47.7490312752332
53.3926120428727
42.5623445315792
45.9006698601026
64.4681793577592
56.9786324389229
61.5242897753700
58.5673994576407
41.9474055962967
54.6420360189070
59.3754454536545
62.4746602031066
41.4251294442434
58.3407992667345
37.6639831152120
55.6258523454766
46.9048328949393
64.4004373554480
61.0140092632104
37.8507998619394
62.2634178736295
66.2706260576522
67.0053861779029
32.2134065552734
52.6934314629019
43.1163789446523
68.0981061775942
55.9596624677355
