62.2446390879324
65.9241123991176
65.8193339889569
57.2624071441794
64.1829697871707
66.3220077356021
57.9661311554700
68.1192376537398
62.5037571181510
55.3084919627690
62.2727511614489
64.4489840588598
59.0155884790221
66.0906481781620
56.3373338686974
63.2499503763221
58.2439956450349
63.5649001324609
65.9438891448011
68.4936200248488
66.0508463310532
67.5043076621771
59.8018589769703
60.7558338804666
62.3340092289488
64.7370725870762
57.9494415348107
61.9764937999925
64.4397606955813
60.1726221828436
61.9199987562563
