51.3828392480572
67.3623040581392
56.2040755139610
49.4044666713226
61.2207606189340
57.7564025738755
60.9004200905692
47.4028081774995
53.1705070169672
51.1585760184335
51.9659150995889
61.7541956143402
65.0227876015656
45.8597167816793
50.8728911922981
58.1629008712231
58.0723242490725
56.0031340637585
50.9125868433220
49.8048330050031
63.1322322528356
59.9896751315709
58.9677360712823
52.2383776390634
57.0579566652833
54.1855122748630
60.6723309883194
63.9904051018794
56.9599290531408
57.9259425322462
49.7932157128354
