64.2822532067173
65.4882168048322
67.1962061258420
55.7994068486091
67.8575700872248
65.3393702667596
67.3143000725873
67.4011942444133
58.5733230252332
66.3545844709250
60.0633177965144
66.0010048534050
54.2054499000190
67.3530941248582
59.6582959496003
61.6236658242885
64.6971953884061
62.3162830026276
67.0979729627289
66.3150679374607
63.9598550902127
67.7566496455735
68.1710078689757
59.4476110134374
63.5784349614675
61.3155029451068
55.9831480231337
64.1026582992514
65.6325047851228
64.4389259879778
62.5547465010454
