63.9984512405502
59.5391181080184
56.2633151670041
63.0604675701008
61.6776019002978
65.2907962466740
67.7813511431554
63.8417195501992
62.7771972394772
58.0361772364669
59.1901228104805
62.0033307678209
65.1935346459793
62.9907062952284
66.0976402787917
56.7731448777390
62.2326606473828
67.3788801789178
65.6368570593966
60.3002352795382
55.4183517689171
68.6106607047877
64.1753707769544
62.9313336181036
66.1080489031027
66.2590811517572
64.0828574425442
67.6329067479808
64.0130315949370
64.2813635086120
66.2904382124491
