66.6982420674224
62.0394854376148
61.5236728777689
57.9383867082324
64.2110914407799
62.8071516368990
65.5039922215274
57.8959730760955
61.6926415354826
67.1921959097474
68.7162944607654
68.2141493881099
66.6211127955065
68.0613148155208
65.3007591278546
57.9894568968273
63.4944650310187
65.1655887162356
63.1532801469713
63.8088731039022
65.7239802722927
66.0796285482739
67.6077780083210
67.2532505262717
63.2196743518362
65.0681925933118
61.3221085414383
62.7711428297844
64.1016965345195
63.2611305423096
68.5900480121813
