62.9845931815447
65.3114496012918
58.7505924260617
60.1514019807531
67.0057504464784
60.3894090958491
62.9338520365391
63.6761723148238
64.3367311633795
58.6632500195738
64.5631266277716
64.4570876639944
68.1030478247669
67.1790583473086
55.3843300214108
67.0073935236520
61.9200088774882
67.6203580667655
60.3178261962380
59.4828771373046
61.2727624318731
57.0301246104499
62.7695584841070
55.2836560736804
64.0228034658183
58.7686031206608
65.0197603513243
64.7117622023349
59.0060129120820
64.3139430868380
56.1172249936380
