64.3862055743810
61.6295386831574
68.3762615313208
66.4011505845487
65.1414634587891
57.0534241807361
65.9038544868541
61.6413064092277
66.0023936114737
58.8344266616513
66.2929577922291
67.8289934704852
65.5550769025958
67.0813198367310
65.8092759784707
67.9692915721839
61.0462828984123
66.4614708283610
53.5435277473866
68.3360754567946
64.4127312875399
55.1855319484963
62.2369318572014
64.8455142712556
54.7393882827283
68.1250200613378
64.9246774923240
66.4409318786400
66.9199418449643
66.0446801707522
66.2411937348024
