52.6648375690803
67.1569353323068
63.3773224039681
66.6319467202715
53.7224991894680
58.7945284663871
63.4782757981777
58.1484659366702
56.4382489211823
50.3830339513313
62.6252920395420
56.0672107161535
65.4542214278169
52.5817337451428
54.3691725548848
64.2495316040969
62.3983353873411
54.3353433964340
65.2115374554809
63.5852566205201
45.1161688989592
63.3248177217272
58.5295900628744
60.1514335442143
60.2954665442821
65.8983570488959
65.5819204985071
66.8135788299139
64.8301585392472
67.5275014131834
65.9431753414146
