35.7381306675333
60.3679546550829
61.4156909858516
61.0699848202903
45.5357891961170
62.6802678007281
62.6012620004748
59.2341299032317
65.5106288791779
66.7206940792026
62.7800472993517
63.6914497414164
30.2188260414747
59.3140710139100
60.2720015299239
47.7764317717424
52.6673936605357
65.2648017652952
62.1755626427881
66.5866827607820
62.8735180441434
41.0132807350689
49.3472732897266
57.2278886669054
62.7336426265518
36.2246470258275
56.4716127732700
59.8457175573156
65.1010631399961
66.0318013069168
61.8717130307200
