67.2907245187150
63.9936673078078
64.1151731177335
62.3271139372049
60.0828978653923
63.8182238546438
66.3070105496992
50.7851424300018
59.3801663206638
57.2696703305639
63.5035474126954
56.8151620820116
66.8820917682105
60.8279528352059
63.4711539055423
55.6002385485236
68.7822720507685
59.5803343335281
67.7188508307090
67.1923834933310
65.8448608256349
61.3466114263238
67.6856545313232
61.7849188678818
64.4865710073136
59.9503688390893
60.1354948546807
59.6518640032070
64.4595793918577
64.7540163931427
64.8919101687806
