53.9920566682586
67.2030443087774
67.6764742102912
67.3296110153501
64.9493756898214
66.5147110474942
66.5411735781306
67.1649434676140
64.2402592141966
47.5242781080755
64.8792794293795
62.4763190349609
52.7889443292192
64.5899358541268
60.8215757303719
65.8276156429352
63.9852476863022
67.5541736444638
64.3288710108368
62.6376150307716
59.6658840085725
67.1419438282173
56.6825035148466
56.3436573613924
60.1734961208886
56.0532326758587
65.6974171544747
68.6026611367874
62.9273748239247
58.4275330366303
63.5724722020849
