60.1829494957939
55.2698858042401
64.6780688339282
67.6471155910234
65.9523624714686
65.1766493009884
61.0719844462585
65.7254920602896
51.6951082199197
60.3057233629986
57.5494661944316
62.4580730212571
65.7462797003472
66.1768258362073
61.3923983529556
51.6207494478489
59.3895492860328
62.7692531393467
66.5081108873308
59.4267231082867
56.8260137288184
59.4579368661283
42.7791336153841
64.5913856292943
63.1301359186177
61.8925087673676
68.6135552389050
59.9197688410852
56.2260931338890
58.2138776220711
57.9999394256843
