65.5232215506042
60.8430637042913
63.6600834517802
49.5332269940201
53.9845702003655
68.3905442209030
58.7487000860825
56.9807853280267
68.4065319917330
57.7371678554830
58.4561868328740
64.5102521639276
62.3500849909125
43.7710509326701
60.3001769674810
59.6116548281922
59.6920411424232
52.4476973778915
68.9218113836949
60.5978186173210
63.4632748310229
49.7206241251551
67.0658099091467
62.4635830679412
67.3283636102495
67.3344831557788
62.2896556041752
60.3955477268800
56.9312768842963
57.8341997777990
66.2736896584310
