69.9335521985369
68.9100679051584
67.3208621130445
56.7724275772980
67.1099170545560
68.9875850309503
65.5991828989250
68.0694483055801
65.6165637512655
66.0903512937229
62.0382859183472
69.2810377455026
62.2855682782329
65.4003277899149
61.4976379423600
66.5884064661940
63.5503065638573
69.1536953982180
66.6320747328863
66.3747370033871
65.4523086116450
66.1695446794707
68.5973459657940
68.4291493080379
64.0334031530232
67.4755549115829
56.1610509489779
68.3707578362427
64.8666652441305
68.9079807866973
65.0438716688439
