66.8205250078824
67.8059680395910
66.6920304780895
67.6687943387359
62.0443425305082
69.7380100836416
69.3300859919401
64.9085978184304
68.4120136557226
61.1844652067337
68.8212903190654
65.0552030626403
69.3590287923099
68.3622982967029
62.6583971963815
65.1220500378146
58.6048255500974
69.2225605283530
61.9474650504515
63.4768003255623
68.6884667213946
69.3235254929865
68.1634388878394
67.7852194029080
66.3842015461037
66.4563148946738
68.9426948098102
65.5436867483983
64.2482717309162
64.1507263264122
60.2396372509731
