67.1436104915378
67.6689452643510
67.9013443531393
68.5511142646346
55.9097808862436
67.8527033624871
58.1020059202435
64.2343283337757
64.0300567596215
63.8219870674831
61.6178802948320
67.9251278067161
67.1004571750680
63.4708905971407
64.5899109788283
62.5622573435849
68.4685619080658
60.0286962209235
59.2396924182817
68.0272870095272
66.8026352896652
66.2332398234095
62.9511189726377
66.5014699122688
68.3911691113903
69.3283555586610
65.9436627696268
66.3731041520917
63.1694311613816
60.6659070153625
65.7923595915255
