67.2671049394170
67.6887044508805
63.4413310283047
63.0726832855381
68.8221564844190
61.2211151825443
65.4869071730751
66.7468208418456
65.9785391605816
59.8933644186449
65.5468461122378
65.8317011495064
69.3135363531803
68.1747504247984
56.4899228269262
67.2626747621901
65.4326045589808
68.7819171614454
64.9487431003603
61.7785442171066
63.9951697050561
66.5874340323498
64.8397627229520
56.6280000469610
65.9447994277623
60.0153732433028
66.4570793180375
65.8761018334098
65.8268417682596
66.7668643119539
57.6869705226465
