65.0284749439480
69.1729110749778
69.1012725704357
60.0039440268272
67.4443758172226
68.7344577870863
61.2461702410465
69.8775857031791
65.0877464515796
64.4818766906573
67.5264772573968
69.0847180277052
67.2475963892688
68.2073359900927
67.0032339381544
66.5538024993047
67.3479084256610
67.7362576824684
69.2288403805175
69.6722879684724
69.5172249834884
68.6908497727150
62.0335146008632
68.2057668504708
68.6158879111512
68.7408328383940
66.2542522439552
66.9949131274743
67.3667064480241
62.5131498441774
64.7291322289353
