68.2843902452543
63.4806075189003
56.7226799668230
57.9016895315226
67.5882673294586
59.8077243453018
66.0482981667502
63.4513845722794
65.3819453099830
66.1379712367889
67.3525896123796
59.2406992085211
66.6742480724812
69.3527323711287
67.6702034553471
69.4443128196879
68.8947167851455
65.9187772452505
68.9436709665307
66.7900080602908
66.1804217149875
67.2069077928633
67.7161613442473
67.4902963419083
68.5873853395000
61.1850593463101
66.3807379081429
69.6327449710203
68.5008514522100
67.0690472837067
67.8748594991992
