68.8830996047067
69.6822730675788
60.1806892283401
67.4973865986488
66.4820481617496
66.8771751229349
68.1298842949156
66.7504126775033
66.4424832312475
68.4551724199199
61.9927111989997
63.5348183698574
61.6523931270640
65.7846818911064
69.3176391111038
62.6068515349597
65.1140688806487
64.5713469100772
64.7808163322868
62.2197038728618
64.6609507572284
63.2829749181981
60.9237284586631
68.7158408933944
67.2312183373947
68.4783623000450
64.7614299468617
63.7307629622543
68.4794488771632
68.8869972620599
67.3689846080649
