66.9581761206742
66.8033953098737
69.2754570365418
57.5618263224221
68.4522051816774
68.4240013068514
69.0751076264014
69.3010763348488
66.5477535912150
67.7696440632789
67.9474480011614
67.9044052593806
55.2678817445379
68.0331231371895
63.4426741442436
62.6410993644940
68.2393843782298
63.7092902996034
66.6710258031887
67.9860057365051
68.2570330474799
67.4162762121484
68.4741839164349
68.6842337541475
64.6028828251278
67.1109542780479
52.9960393236055
64.0915137683779
67.7524499428513
68.2520097546206
65.2897728255689
