64.7048854757944
61.0597312503953
66.9398566913554
61.0597473495638
69.5929491694853
65.7041361965636
66.8742070159602
51.1619427515372
66.4600782555192
59.2950120241627
64.5769527314018
67.8619238526969
69.3193779172084
62.0776984646760
66.4163597090089
63.3689124497305
68.0174586593829
66.4952851806341
64.1199779155586
57.3836860128660
63.7560274821106
61.0159502635716
68.4703569899786
66.7424300697149
63.0045473780253
62.2699693736921
59.4171087686390
63.2163654482866
65.3466835242880
64.2483829261598
58.8252676610884
