66.2414016074785
58.3550962843022
66.7974342932814
64.2165144697988
68.5807306668673
65.4328046899770
69.5883418941835
63.8379347475189
51.0384281761628
63.9712961824746
64.9120586120423
57.6106280482296
59.9288503454950
67.2878381744143
68.9971432669591
59.7055167438789
67.0156281950019
66.8238736934450
68.2057076862571
61.6417405435588
67.6352687623967
67.1409730364889
66.1766061441599
65.5133332013769
66.0165804148661
60.5804175480470
65.4324744019720
64.8708471363281
68.9251384896815
62.0512247348272
56.0131469909916
