60.3813660726718
55.4998731777656
61.0025800966760
63.5828424307572
61.4024692247984
61.7724689360577
64.6717865717882
52.9981964000001
52.0307103007928
60.2563755383943
65.8600176419207
63.3107158942976
66.2819123506724
62.7269727496780
66.1444571963588
65.8375979177850
68.4644345591123
62.0260050192955
68.3561513090662
65.9523046969481
65.6870577126667
65.7031480007647
67.4091039479218
57.2003109741397
68.9822573416438
60.5621067340056
69.3390173263063
68.7931062529034
66.1996593111540
63.1036438894685
54.6177051966995
