67.3856764451957
66.2520926483417
65.5978769267182
65.0234709807609
67.5597893227193
53.7986356054694
58.6542802303749
57.0000708376008
62.4105495187735
60.9887182786555
67.4743399099142
65.2619826386282
51.6749173925160
68.6687085518288
69.5756792725760
59.8372868183358
67.0726210610690
69.5868921172875
64.4334090126144
63.6390502350649
61.3889429027514
64.2585733361044
65.5049338685611
55.9684873269843
66.3011631375129
65.3707735843741
66.3437403885692
68.5144240408074
67.8986452803496
62.5370122221126
55.8249304834991
