69.3045933595592
67.5996736744943
57.9725242798276
61.9817027026879
69.5160645654323
64.9164689339785
68.1259494915107
68.9527086960344
68.5502536749340
60.8779807134092
65.7315123480378
67.3526479818442
62.3546367500349
66.3077027848605
66.8982622766637
69.2324919769898
66.5376720313213
66.9250088335542
68.6829563907086
65.1204155140870
64.7387414594126
66.3074430351953
69.2880150570575
65.3158688674159
67.3198531522872
61.9217249128784
65.7444668880446
65.6695736159991
69.2911905965812
68.7113210736533
69.6277085212341
