68.4420620772969
66.5788494089692
68.4077725428116
67.8902461256594
60.4264715057067
65.6934979910401
68.5713192828323
68.8507575600595
65.5526593139841
62.2631891690599
67.0780202744888
64.3830282141635
66.8776826520866
64.2432709531127
64.2828395826058
62.6675585893715
65.9441582009967
68.9776500246759
68.5465660010679
69.0058519840772
62.9399446935968
67.2217959050748
55.5579865403123
66.4712142125555
69.1512425387591
67.7062695131220
62.8334629817877
67.5731148437011
62.4632646581385
65.6350672087169
65.1672386434006
