64.3317233000178
67.6056980988212
65.3956523579303
67.0328449144103
62.5894511689773
59.4189507494731
57.6951401503033
62.0377026280256
65.9983111021630
67.2767526923940
65.5455970795161
64.4291129984150
66.6588492304280
66.4144615523890
68.9774885241405
65.7078300122005
60.6255430087942
67.4188670709610
61.2984537912766
68.8468971927860
68.3621359600745
68.8103081169503
67.3580267867107
65.5709450301602
68.5465452655019
62.0679800998027
68.0812273071919
66.4109199031387
65.7866399912639
64.6429467652221
67.5158310338454
