49.9467886428392
66.3578907791349
55.9079329648518
61.1362211375365
65.2216938012849
59.0091736468243
58.0372993855037
60.1629089530239
50.4446145710601
52.6010543229507
56.9793043148041
66.5814032801110
50.6195241603990
60.6933169301591
60.4633143981539
64.7920654783883
56.8974239188284
63.3808169389273
61.8386924449262
68.8649308762157
49.4695408577319
44.2374485476297
52.6408644140720
48.1143908161823
65.8986936277223
61.8203854337768
62.0621380049674
54.0807702333057
68.4377425805847
54.6004848121591
52.6970141844494
