68.2788432402538
66.6175017446080
64.4971056999360
66.5373046001167
63.4885113858004
65.0785020097071
66.6728131578812
67.5361181362905
67.1359943988983
68.3937028899793
61.9054689714219
67.5890051519546
65.1108004197361
67.0233058706020
67.0930668400507
67.9221881649347
61.8867491950711
63.4558821572615
69.0191363071149
67.6413406030907
67.2209327828027
67.4251143543735
68.3124141871035
69.5920308799381
67.5008993640992
64.3822833475026
64.6188505702592
67.5413363543633
62.3319277174442
69.0101849112400
68.9937603148271
