67.9144210899928
69.1462362416641
67.7106269732414
61.6392064047868
69.3248187829753
69.4013259320944
67.9058782603714
65.8006523892983
66.6181360464035
67.8163931664456
63.0616109377545
67.8293496338694
67.3632696182826
67.9816752977351
68.3139994739450
67.2028510985081
68.7219058407457
65.5737852212820
68.8612131004162
65.4791316169750
60.7644530104872
67.3849577428793
64.8242012552555
67.9618672325618
69.2411879766768
68.4608736201462
64.2301142235123
65.5337792205445
68.2033446140486
61.5590138358179
68.2120352412391
