66.1372682503408
67.5367542269489
58.4865160595922
66.9268862868764
62.5774651912039
60.4254952136874
68.0914050922430
65.8849045188255
64.3370946050034
62.8811139531505
65.6279480348285
58.5018460942624
66.0737766226780
64.8631080272838
65.2173094108857
58.3563933795816
64.8544806403956
66.7473180276313
63.3080106601772
67.3483831026299
66.5159417178850
66.4421786523003
67.4327811787356
68.4356164400000
68.6587491070933
68.0413258738136
67.6059378956407
58.7129518805300
56.4610020208321
65.6097748531057
66.6806298515995
