66.1980174600992
67.2600257640046
66.9502107485153
68.5376334458147
62.0450689591714
68.1808250291366
67.7698966735116
65.2453281438226
68.2565571194992
59.4125525654891
68.9154185021308
65.4819522561850
68.6086601918570
68.4513245664022
61.8504638811504
63.2362150339798
58.2145067714894
68.9094095795620
61.5679853462681
62.7265737489805
67.5680316544542
68.4447811124687
67.9042251869963
66.7824634151444
65.7646004443449
66.5639033366797
66.2664113383000
66.8130140865561
63.8682785858390
64.7602978990192
67.2938082879430
