69.4736720431704
66.2973161942678
66.6185372408001
67.7135560074585
61.9689812499849
68.1165660849257
67.7353597062005
67.8265549923359
66.8463162097539
61.4982016088229
68.3635361137230
65.3017798939973
64.2633671181206
67.7956317327706
69.1169399377183
65.2963227260659
67.9221693730724
66.2455509965744
64.0845895576912
55.7292984037857
63.8233171841208
66.4177478707385
62.6060211415885
64.2073837832436
67.1893894828683
66.9840352721919
68.8644645776994
67.7735857005595
67.7047541271230
64.7479584339306
68.2082119961593
