66.4275012808888
64.6607091662388
68.0173343082654
67.9561558803989
66.1408639096818
65.5157807874056
65.3072385257788
65.2507041588259
66.9658377664134
62.7237004274497
68.4015775650340
63.1973777117056
62.7684888934440
68.2312348697709
69.2405003285427
64.7957743723334
69.2178129402892
67.8821337435759
65.8790009354363
64.8503985653109
64.9414726212461
64.4044950880104
65.7341897242250
67.7146374699197
67.6603425876144
66.7927279525204
68.5694364705275
69.4724213941552
67.7056304730246
68.1995101384224
55.4185233765119
