65.7113535292721
68.5846600949339
66.8723631977272
69.3925640319777
64.9859760573511
64.2364556869392
68.8427257508539
62.6227753779010
67.8551267621685
68.2987100565761
59.9588580669987
69.1989190945807
64.1048533179230
65.5529058754956
68.6426107848855
60.5375490581376
57.9774296018974
67.3619111965482
66.6086038101023
67.9498579556722
68.0043287698534
62.1973770881660
65.2119710491206
67.6579573098723
68.3543134470442
67.6374866150248
62.7333268027465
64.6472470638540
68.2505382055986
68.2846912700186
66.0474109191735
