68.8515120332254
68.8161050186428
59.4458876313759
67.3183280614652
66.3257214282886
65.7727314874563
67.2499871981702
66.6264507109075
65.4949123133818
67.4374351918048
63.7527714963993
63.6889514061255
61.0484969572561
66.2712477399039
67.6357835296607
61.2350306974168
63.1426996421224
63.7217336741042
65.1326858358424
61.6410292784945
63.8642373128079
62.9895544587083
61.2521354935969
60.0452220336470
67.7428672189003
67.1145195196916
63.9521382672505
63.0943466747110
64.8173041366629
68.3215152696953
66.8283617875323
