68.0951730320078
66.9172757555721
69.0187417143124
69.0420026772556
66.7920551523327
69.2363016097048
63.3893517152382
66.4150497654826
66.9394936393541
69.4659948577399
65.4298584223560
65.9802081808484
68.4851223800781
66.4705825463869
65.8113283237425
68.8449635513963
68.4869118614960
61.7271282141547
68.3312055737118
66.6948219729683
65.5665474245952
67.1904690119805
68.1983231019576
68.5012499717451
65.4156021509141
64.2025143296765
66.3005851294324
55.3375451732411
67.4944687861397
69.3824777968041
66.5714966258407
