63.6535911737806
68.9541927027886
68.1803584647147
55.8809838888451
68.4773069837103
66.8919753626621
67.9604315586458
63.1682049909905
63.5414070324306
63.3636528881591
67.0141462437921
60.4310077314516
66.1460489928574
68.5273197914843
60.8774934358768
67.1484290952154
65.6262674138708
67.4246430760878
68.5400619795164
65.8581372264083
59.8897702706265
68.9042544433943
67.9976805634083
65.2618340032895
68.8830900032418
67.5704949137852
58.4818581610902
66.5453233549844
61.1343318364463
59.7518498446534
69.3452508669376
