67.3642923001781
64.9459916446066
65.3133660603361
61.1938871004817
67.8788358012269
67.0881303626784
65.6691338826926
63.3022980370193
67.9800492430978
68.1534983833176
67.6626743930046
63.5479810293651
66.7942594831775
68.1485192677695
68.8500175296508
57.5035611427248
68.9106042249538
60.2273789655397
67.8153340383684
64.6003990573249
68.8002585718569
66.4855958267335
65.0440454664395
62.1336336703330
67.2763008707280
68.3297383396330
61.9467891588088
67.2291806437330
65.7887349745955
63.4324074124841
62.4801227090118
