64.2218752999377
66.7070107515928
64.9890770591366
66.5527061669093
62.7687046507077
59.7280437684379
57.9316383327618
61.5502021577655
66.2626903618725
67.6039026987759
65.5352528380120
64.9991605790809
66.7438620413053
66.5641666624025
68.7989368306212
66.4646791162208
60.8131369790346
67.2121501310013
61.5947686147766
69.1846528602859
67.9167546880686
68.5277042169416
67.3680850525788
66.1033913023269
66.0215456983866
62.3747587914473
68.3965631201598
65.6960718861170
67.2584729222362
64.6983467000982
67.7959644023499
