68.1407516062838
67.2499632760086
68.6468096485214
62.9697886920416
68.9141896663776
67.8355774517582
68.9749729855354
69.4043528657956
61.9871076286484
68.4940420515571
69.6465949553245
62.5455866509720
63.8552245915661
65.2933305076158
68.6854807407835
65.5516850781811
66.2246712406518
64.5574388760670
69.0518715927182
68.9146121996050
65.9662339639188
67.7783755885325
66.3977185286368
66.1058371149912
68.1102117662361
69.2045023568196
68.8050739460602
62.0108434032732
69.7676776226318
66.2379361462676
67.3699748377018
