42.7958839716787
58.2426268180290
49.3885038723625
5.9905307070280
10.5156975842730
46.8329687777472
44.7134765457575
43.9408914835167
42.7500520535306
59.4700819999954
32.7805026862562
28.1166479449682
50.6678116112820
47.1981256841493
44.3749184915092
44.2448554853374
58.9229398201768
54.8122549843770
24.1404425962085
31.6901974493423
51.0155157593186
20.4450599689642
36.7805595322448
47.9487799416888
35.4599659684304
62.2834582518345
47.8111111473850
40.8827346522997
45.9266228454587
31.3541072945058
51.8011027043687
