67.4467367519936
57.2960567309820
67.2650621069295
31.1190275598469
63.3083784301158
60.5961306049444
64.5232491490716
46.2812212493302
52.8974029648924
50.6247483388480
58.9937360187310
49.7942822998032
51.4573623899216
68.7253039523972
55.8414107277827
61.6972265915933
46.2825289965243
68.2705679236797
38.9684678934285
50.8452800290812
69.2440259488091
61.5331573531892
56.6260344437716
48.5293075582204
60.5068262496793
54.8272198872700
54.5973736736598
45.9584089494280
54.3141111887297
63.8818241721736
50.9133447264959
