55.8943605714825
61.1116989343570
68.2371070814881
41.1670808188563
53.2017054499051
52.9864942282069
46.9892589375413
56.6194632808555
53.6797295088717
69.2891378292759
64.8299098229212
63.0524456095497
59.2335027326974
67.2942509526775
53.8002019419292
64.9758660959026
52.7699622835673
65.2294722723820
36.2731521672694
46.8766031458461
52.7171718710359
48.7442031565576
66.6987970455994
61.0380925335869
67.9375420856829
46.9844845250779
59.9434892449955
65.5972797241985
69.3531402250775
62.4236482153727
66.6927596248135
