62.5106311017962
47.7368843519427
65.2697599252783
51.7139312148513
41.9901090142015
62.7283669997225
64.0759210373144
65.9049258583098
60.4522365021302
60.3104463811640
50.6636433711827
42.5405556387579
32.9146999324465
65.7241209636242
35.0881892038236
49.7656700675231
53.6189813777403
63.2373418182842
49.7760419362212
61.3721880069985
66.8361470577262
59.9353269874963
41.6348219442662
50.8681725144496
63.7186065124300
54.0061102370454
44.5133462260778
48.5976997014405
57.4599670827610
59.1906469180860
44.1499004825536
