57.1625878532764
58.9143594363366
63.7471597627941
23.9935775414412
53.9267959391974
49.7431628073249
64.6565816030121
57.2276671575283
61.5100830156801
60.6904812007460
44.2050700320040
64.1639665050401
59.6698178058104
68.5759957315390
49.3962832828398
43.9315257817041
61.1832288464325
59.5825846222260
37.0561259675451
54.8729953995327
65.0082204360452
54.6235177650142
37.5806891761420
45.9826690182483
55.1068850900518
64.3202954749653
60.9132185752128
62.3792544129561
56.2092536780370
65.8185906802811
57.6104837433611
