59.6761880287064
65.6592094983689
44.9887222308497
51.6061046818963
61.8012676991987
46.6046451869000
60.1902413287431
58.5042399713309
68.6299463382274
62.1843307060103
67.5268303854499
64.3009552344616
62.9176206682650
69.7402224096846
49.7722384388968
62.9647255217488
56.7551646341364
68.4121850520043
66.6502519828083
63.9540377897040
64.9808678765405
65.1296582047502
41.2048148879666
69.1431941765220
63.6276685848112
67.9279994070070
69.0358288536945
58.8620623424607
63.1827738859562
59.4466458899907
61.0657830003194
