38.3076191396401
64.3379757541082
57.8491253054862
42.9967815720144
53.3601117848936
58.7057449925428
64.9581323238796
61.0812183782816
64.0330901095198
54.8925571225574
48.7415876420098
53.6268007587609
61.6464191988707
63.9982524494708
67.0290114587211
63.8322625056141
65.5896245089273
67.6561029450851
66.0951862265300
59.2008926840327
68.1042872769518
54.0960917739399
66.4034764083235
65.8505655574013
59.9772574432716
65.6827620776582
68.8740472650439
58.5007498279158
67.2651212668565
52.9957710163066
60.7492793938307
