52.6415246433279
48.8034040419270
52.3270081326864
37.9795624383261
18.8026876463883
39.8306226428016
50.3935379982365
27.6379080400904
29.4341198120226
61.1452178279357
36.0582048034478
29.8581636126210
21.4311594842620
32.1229504346021
40.3794714850735
47.9640368157646
34.7702622400424
56.9185899853152
19.0511677978658
23.8031794394627
47.2281109960349
47.7635804091756
30.7095299911899
23.2627160373346
54.2511600938976
47.6866323735907
28.9653603578472
47.7031308714267
44.2345198197670
31.1994008767713
41.7551907428813
