69.3586988417526
61.0790170789137
58.0059211735577
38.2481630848104
34.1371350831741
64.7718277955651
69.5433672459051
40.4725467042236
43.1415163292997
62.1309020198032
49.3183582706102
27.8438269112687
48.9866649795932
60.7755803702584
47.4493213759280
55.6172504354843
57.4718606133543
58.1651117162564
42.8863745018608
61.9702521561179
57.0184663394904
58.7088052041967
52.3321183266124
57.4567705294319
61.9155408724862
51.3593246858449
55.4704505042502
48.9247392973954
46.3328267912002
52.6727630027232
45.7057662421094
