51.8009405954765
36.8981593407513
45.4232080746247
44.2989341204405
34.1978590459134
58.3575470582088
52.7970286018243
57.6787197492540
44.9303963648665
64.9672785018560
47.6586426596516
12.7016486096498
43.5934044793581
50.9093203543564
40.0670596823048
52.0548213033020
68.8323537421788
52.7862385208240
7.3343560155589
62.9532578577460
54.4707933081317
51.0880247478023
31.8642589076225
67.1050531642543
59.0072104156603
54.6455900969855
43.4458133311095
53.0594244673194
46.3844012574263
55.8294896180618
41.9712420727999
