57.1770818242802
37.9687924499385
63.2065817628831
47.4638379434456
31.1293977743695
28.3982790157834
60.3321948373613
62.1159971627024
51.9323471461733
43.5859886220217
51.6189295612215
32.2945433241352
45.7084198120935
63.2879530296914
64.5115128512057
42.1333002877756
63.3971194501783
42.6018722297819
46.8038929166611
64.5132189894384
65.9576632200581
56.1690775558582
55.4653028231928
35.4874739659744
58.8693449359632
64.8865656585599
36.8629686412273
39.9033073604444
33.5593365805086
63.0132106202631
50.1222523318846
