62.8877734052610
47.2886437039618
63.8616773396042
49.4132873258368
34.4862564243388
33.6658017710311
50.0279812853243
54.5212016214996
68.5137800065205
67.1302807927154
62.8145212841446
65.1899793152884
47.0721481318433
37.9300760886194
57.6462021124962
59.9433544583388
50.4571728839072
66.8317201652286
54.8020409934285
56.6252280098174
43.9563365112764
38.6741153278416
52.4784339248083
55.7070391099219
66.5320882992422
57.1414140159219
42.3568397748910
49.8840464670778
36.5110037472221
64.0953222071826
59.8999292170347
