45.1901016622530
39.5272954867159
64.3464720374170
52.9629713546753
34.3811582354406
48.1969739438298
42.9915935456829
52.0278509129193
56.8647994065229
55.3416105975518
42.3765091894447
47.9948806605714
35.1719606310300
65.8498777462258
40.7219521235749
34.7832551403495
55.7739308072038
42.6970706441744
30.5386129358731
55.2353007268861
37.3606380129229
54.8315385398059
58.5789808673770
60.0209773266048
49.5900579297270
65.1112708241665
50.5298221653551
38.7224777941446
49.9150094168154
59.8017033650516
29.8466377241182
