66.2830476870305
37.4246844834917
65.3285556075857
47.6672725922110
35.0932880398692
53.4271072011047
50.6592870417398
47.1545984749649
68.3054874163128
55.9127005495704
60.6096919687467
62.6350752551826
44.7254052716729
64.7819399044036
64.2381748211971
43.4154796370203
47.7132134481128
66.7361027266042
29.2880446275336
42.4897835248540
40.6248871815093
43.3230345894911
63.7782887300993
53.1641932151217
33.3132298419311
51.0458578489598
53.0855899282237
48.8057963994397
48.5412227905613
65.5129247208947
65.3380587864568
