-43.3422934620522
61.3132347410426
-16.1911077739563
-20.5726118464565
-55.7551395541946
-41.9629569109308
21.2392160848275
64.7400404392289
-46.6455288575254
54.2915413619226
-41.7016194471393
36.4419858954273
-77.0214407685974
-102.8766021825971
-16.2754561851963
-47.1623777036158
-11.1992499800236
29.2352971686600
-43.4619348496439
52.0681569996784
34.8472475752332
1.9177546505184
19.3410403287979
-81.3902701283976
-17.0229499631649
23.2973783338736
-44.2058251540545
56.9168718307031
64.7367673521086
37.1656846896656
12.4301956927484
