48.4259651054234
58.4738834083976
66.5590211289597
60.5170852948552
46.8933901359414
66.9547410189499
41.6326561075416
63.0948152462053
47.5510115191981
61.7786525002626
58.6481413280182
62.7178471075552
50.8470618193597
49.2648883237380
68.3392987372700
53.6344476230869
44.7351121289709
51.6508025173164
54.7061024199573
62.3119235808660
62.9698433080273
63.8517894595885
68.3842680105044
59.0670390795597
49.5018794695141
52.9276625690360
65.5129036573823
64.7444056949551
39.2092273631152
60.5408880767985
48.6188444110644
