56.5841504745140
33.4984332332927
58.4325553059484
63.7454799492084
39.1332379580599
45.9054171711078
61.3827429690049
48.3580239223393
65.7297662787607
58.2142440863659
66.5286982890003
54.1392224483360
60.8344017368520
38.2658066038475
65.0910372418628
39.9934517761888
42.5849664769153
59.2444687125881
57.5157259734433
44.1554802378281
56.1994086273128
44.5145980860837
55.0978780020948
30.8886770082217
67.7069326747681
57.1784869028652
60.5087950364737
31.2559626368110
47.5901250116909
62.2196397696048
36.7554682117695
