59.6761406974305
59.0557793905789
65.4634635153184
41.3010479233713
32.4143801043751
59.7746878695869
47.6537634092611
47.2076416916648
60.8761462338466
69.3614976101569
57.5425999399844
56.8954069205049
48.6073158451778
65.2575928174405
56.9213418826896
39.2310525081741
43.2009225070505
67.5422292321872
36.6014220289525
49.2402675775123
48.4050312805189
46.3912665371299
63.7118177774612
60.6542313959255
47.9015179794145
62.1047495306209
64.8244581627723
48.6388627050609
42.7151047973227
65.4513572953800
46.3970997651301
