67.4408545175263
60.8746227889058
34.7862929107299
37.0275597784913
58.0625866236780
36.1634136130516
34.7248644468214
32.4012939312942
41.4962560706944
64.4232273574449
61.3825891730324
44.4782310293348
45.3132468933725
50.2255343200018
50.6365571074994
28.8294697856303
39.6383435665167
57.4664390677315
55.9113039228807
48.8477097289727
62.1411914193116
50.2596934043658
38.0092970914397
29.7106310267840
33.4976190181657
56.2112649845296
56.4351161881979
67.1145859068539
39.7991035527648
56.6191809414845
68.7423171648274
