68.8229429592651
47.9931789884613
62.2937293765378
54.7396429646979
37.7502320601665
54.3744652268971
60.6846863098223
33.7114989970728
58.5169762549195
44.3988929680000
69.0931110200364
67.6155175440380
68.4032699197402
35.1283091969389
54.5404377761472
39.5521562440547
28.5002150092718
59.6944290137960
61.6814592417604
33.2904762758574
43.2268497251964
66.9719461946037
50.4087767362414
34.6843391957795
48.8071012101669
62.0481633940080
47.3671544958153
26.3946557235448
46.9766914289058
60.0679981947663
28.6220859239481
