62.9156816876553
53.0591240870892
58.5137821183081
57.9050097928100
67.3101366719523
49.7518611311342
60.1475422156336
31.8620249401796
44.7205153963184
39.6641321039483
36.8781100830771
52.6193692071889
61.6890018454569
60.7202605548643
57.5517165581369
33.1693986932342
33.5727446198326
62.7592026076058
61.8728243779015
54.9462417817877
59.8146487435609
44.2194005071771
52.5894567012945
45.1946968559469
63.2499948700608
52.1760903112284
54.0415710703222
51.5569501342968
44.3138762913558
46.6853389254742
55.9848106576323
