60.9898113393681
65.4891592654912
62.2907584530178
58.3064124198847
67.2788545638099
61.2763220256175
63.7783810422159
66.1006193758613
64.6425887771669
58.9909514510413
50.6073118217398
64.8916976162480
68.9997662593688
67.4020799640855
53.8950058910217
67.8263656192000
61.8257518919315
68.0741490797463
63.1849622317717
59.9885838603513
63.4169630316144
58.3301168715225
63.9763169946993
55.2248656832971
64.3900165588881
59.5420110205638
64.7380652832163
64.1853921543994
63.7904437395976
62.6728928891535
66.7276924100172
