66.4126478861549
63.6336853036155
67.1954774426797
67.5923243594980
63.7914986824560
66.8195593435834
67.4724680425559
67.0686692468708
66.4703778535355
61.8576167648453
69.7873063239307
69.4543095939035
62.2755870499127
60.8472775425719
68.3248855665364
64.4629843543559
60.4484310555303
62.1934111800772
62.0085526842522
61.6225599146155
67.0130929642852
64.5677013057156
63.5573300644853
53.5163718997737
67.6741590827962
67.9024290519494
69.1366762728169
56.7355524577566
64.5247737488118
57.6129605917073
68.0583984084788
