60.0818084317050
55.5191040955396
67.0558945986489
55.6243572928616
65.9599639898638
62.4683263222179
56.4471716152056
62.6466375645629
64.6158822720493
65.0587743422997
64.1807673800358
61.4990119636393
57.7770190227034
67.8402404142165
62.6316762861204
66.1331704250313
66.7819695593781
58.6814543138063
62.1023588028262
67.5082189236429
65.9947180462045
62.9883864054490
64.3765613974382
65.1963570713647
65.2825185461907
68.2240369329752
68.1609816279285
55.1167098375388
65.0640523863405
65.0615353420927
61.1814152254908
