61.9018755308138
65.1844952857547
64.1333057590747
59.3956332854131
66.9158949934425
58.8952262536976
61.0784366063312
57.0494132523519
65.1436966616835
65.5956770766435
64.9668159447940
54.2338764921349
57.9623136485608
67.9925145475498
63.4246956478016
66.3818609717679
68.4917932939151
59.3510823974452
59.6319495733914
64.9638407679809
68.6061762465844
68.1638736060102
59.6635018019563
61.5475302855083
63.6614868068854
67.0640967345945
65.8342914066244
61.6690045317543
64.3677721006311
62.8904823787688
61.2079172718528
