66.7982612984435
65.2479402909402
68.0592912065127
41.8049194486105
65.9832665804036
47.9720231101065
66.6670419952405
56.2076769655653
65.5269829053358
67.2063138893533
66.0301289945553
68.0885979576599
58.3752000885751
64.6456591178760
63.6533071058938
64.6627110138559
69.5503258834012
61.1499742521404
68.9127703275096
61.8033425392453
62.9217980029368
62.1895438883076
62.5269734695514
66.0301523271476
60.5942159841794
51.0927887925397
67.4598828794793
62.8257073755823
68.9661521125201
63.5163983131044
54.0831938936830
