58.7622362499445
59.9154898275558
63.6759469223983
67.7851358218365
60.9138308540094
61.6251019702189
58.8247649135159
59.6813732425155
68.0845221196451
68.0660998980795
59.4340574555980
54.2096016153440
55.4076652214158
63.6794307459115
63.6974215560261
68.8924989311744
67.5639746392505
68.5616942149240
56.1220479308056
65.9053378688061
66.9370477233395
63.5953568988602
66.1817117557683
59.6665736216572
68.8277381674808
67.2506378059639
60.4222438080068
53.5285591305943
61.1591108822717
61.7262407043592
62.4292967234887
