66.1407943294667
51.3417405448430
62.5221819071019
55.9136499531626
53.1198862127703
61.8720701833386
64.4963920371808
52.0125594953086
61.7688197164246
63.7406936474118
61.6715210726611
57.9735978780644
61.1054412509442
66.7916697892111
64.8164214689491
60.2846317161550
51.8633255844250
64.6182285545870
50.4677232139541
63.0372452975126
67.2733456013236
65.4694440955605
64.4480542820522
58.8654622748630
65.8992877397061
62.1689241327487
67.1404846914042
62.5250420750420
51.4696012832044
64.5859620045317
68.3090211367271
