65.9228963374458
52.0732118414475
62.8539580200797
62.5247191760921
57.2354821537654
64.1252773821173
54.5524089802493
63.1514439176740
56.9799486634903
64.5160232734304
65.3942434435884
52.8577561379440
60.2554833810532
63.6775566709476
64.3158363772092
54.1717571602162
66.2578714675348
54.4108501961073
61.1658533207292
67.4528630784118
67.3031516979078
61.3884925658273
67.2546719289559
63.8636949280485
68.3776822081673
67.0484418499775
63.7096338567012
66.7699126398617
55.1541149613342
68.2005803305252
67.9162984914621
