64.5363639669712
67.3178442091023
66.1644661199694
67.4350998319169
63.5800279482638
57.7002908487626
68.8279157043188
67.8948275136689
64.4651630080265
60.9243397244812
69.2388890674501
68.9346304965440
61.2235671287935
60.7620831345898
65.6959153360619
61.9855733991580
59.0203374331583
62.2995295834380
61.0913439112387
62.0229907038330
63.4613874410858
64.0576282633447
56.5787169039636
54.8656566834469
67.2555844060026
65.5105400595016
69.0670252588118
65.3403308771686
64.4960556712884
54.1109914738251
68.6565270579611
