66.4969277332872
66.3292861755912
66.9588572137909
69.0063183843829
68.2854634616690
61.5102576209293
57.0870723407758
63.7063560844566
68.4593603963171
64.2171665857266
64.8858645691491
63.9086037539109
63.3289100071929
63.9601421191786
60.9000335231346
67.7065171813541
68.4358815060938
62.8899220807326
67.3640648072317
64.6271540881629
67.0071712822341
65.5643384485290
68.1373762026538
65.0795344547350
67.8027237918925
65.9864464881354
67.2839250918899
59.5503353191556
60.5566608034593
66.2476965368746
62.2813905953100
