68.4198312575175
66.7667480867378
67.5469943338458
47.7795033998861
66.9013326109412
55.3951954893483
56.7100980791865
53.2938291057311
57.6055785926806
63.2828693980607
67.1733511422621
66.5237618573924
49.6475028609150
64.7220665855385
64.1366400383973
59.6999881484446
66.4041968271417
69.8676489532348
68.5214965096710
62.1844049717363
63.7657469805181
64.7418442600142
63.2252613649329
63.3431293453562
59.9993424937485
56.1291099758003
66.3484726985107
65.4384676544479
68.9842018108338
64.1020219824738
53.7201462318646
