66.5772700591834
64.0299072992266
63.4546095066264
59.7349515087537
62.9306738923576
64.5201245587527
54.3015116249193
66.4613115627029
62.1349196059144
67.6056688219003
68.3350384742911
62.9637404239624
59.8833063730875
65.2687484967573
69.3280462978326
63.0906821339016
63.3521187297256
50.5679625967268
58.5544803558259
62.4359935830768
59.2597566559478
64.6079300777460
50.6424186174492
64.0708704569930
63.7676911488448
64.2171454176906
61.7545974460821
61.3913118564021
66.8571836659109
67.5439829400754
67.5980778699941
