35.3425196510870
54.5611306767393
25.9026540095066
5.3302192035697
44.6524015504386
9.7846418078075
19.3084695290590
53.9742096620229
25.3688992644770
20.9517026448242
29.4849104986600
28.1598756725114
33.6912452470554
25.5095310923022
29.8461822850675
39.5773869346346
56.9675334683271
35.9273141479123
40.9533889826451
27.9410302443630
31.0976353495822
30.0382876735382
10.1353266657772
30.1862842790783
22.6488808836098
51.1722915948055
15.7282651669776
34.2986628925495
40.5340214735366
51.1403141919322
42.9558376345272
