41.5895714114612
43.1067817676707
18.1981114373058
12.8000027117506
49.6391504776428
21.8087282059442
21.5089693917417
41.5006542748768
37.0169801991283
32.2068527502840
55.5520317546114
22.2954487733504
20.6013961081276
35.2787716092520
62.7019744087993
31.4955936426651
36.0791186513430
53.2779243443954
44.8420603356159
52.3212290459693
59.7495473154805
55.3302200017227
43.0957570990462
52.9406059239596
57.3844874928413
41.4106367845546
25.6896712903848
58.2386974796194
51.2814591461850
34.2108962293885
51.0809196095903
