8.1555538671945
58.4261083888034
63.2679042879951
16.1890245001039
19.4037045401862
7.1196953600786
47.6071473860898
31.7054560406108
42.4036961688348
28.0372837208038
23.5630606015763
28.1148946559050
20.4819612426644
33.2024656866954
19.3895583081810
34.1567772185913
29.4901541115289
29.8476860245355
56.4805240500628
46.9372110086531
54.7154565654554
33.6883879341420
16.7699278055096
27.4752782754476
61.3014710978230
63.0165525733373
57.7126908143883
40.9174135926308
31.2556850719086
54.0459205665888
50.5071426567821
