2.1510542091405
54.1106260478459
37.4076366113544
17.8715322600086
20.2195977410848
3.9275849625883
21.4284574808451
46.1338556762124
30.5713334004930
25.0303075851616
32.6254080334299
6.7729694150202
19.9895593191473
34.9152758490530
24.5684905267983
45.6425408718344
44.1803022882202
37.1627222665713
47.5463411567069
28.4798370643227
35.1496488581874
32.4689695627290
5.1424489420361
35.2016050458062
33.8535243645205
60.2877220156689
22.3047147922027
55.3765229470865
40.2923130313205
29.5133286606168
49.8830726120816
