17.0696503998039
43.9522648575821
58.5399373520780
5.1349834904869
21.2399436999201
14.2086722747853
27.2632821394945
65.8217837449959
37.0029259207865
0.4292043794503
47.3596581897968
18.4872412306041
17.0789152864665
31.3670935443020
23.5505725007401
26.9454437516400
53.6190127176549
41.1698429398211
45.0472733620563
32.4328772450720
24.6236588060898
39.8083112338484
23.6949417740037
25.3867680308481
23.2941494806554
46.1349976916153
30.0960283437694
34.0250991815707
29.7815113414239
50.7974351891519
25.5036297919703
