67.3819612989476
67.3494834901428
58.3711155674579
52.2734768955802
69.0787825784305
31.9662858731951
68.5236534077634
68.2154056545809
68.2731286635336
68.1929429638129
68.6674371923813
55.6887210887345
41.9471093239070
63.7190103893757
61.6237393009069
67.4924617911002
64.7049898020019
48.0682795002232
59.9265008418304
64.2454692793733
54.7257447392050
59.0281910472191
64.8530279143127
54.0501248448581
60.9109114629757
68.6226423603140
68.8809359985372
64.9932862070592
56.7695191511164
59.8184897573986
65.0122178624551
