69.5135625946831
69.0000891126455
47.8858524552846
10.1981121053067
61.2783787672305
56.8297760178376
66.5323651461894
64.4632920067128
56.2067322745126
34.2869363866360
67.9747963079375
52.9706621852461
47.5267804530571
65.5879694337354
51.4003550041184
57.2654870025492
59.3484734048991
56.0161001626207
61.7320656520842
61.2255842892711
39.6282068252850
49.8677214617267
63.4051392832615
48.6996578725476
60.8297351124049
50.0505029314880
48.6197730540503
63.0168973553249
62.2325478217710
60.9458784462445
65.0966662818325
