68.1898114772261
55.5968345053058
63.9019415158611
56.7168134264238
63.5086048195568
51.3788298374541
54.7830483128808
68.1688618905798
51.5168709277873
36.4736672144647
66.5134295464877
36.3067592291469
49.0088516600746
65.6673160903118
66.8106352316478
64.6566770442650
55.6712869677768
60.9305301185051
56.3289103330192
48.9811869128397
45.3492474704922
54.5008456608682
67.9773734023128
43.1430007383643
67.6048046591439
58.3909818217634
44.6679041296546
65.4957644933478
61.8041212990333
69.0623498601283
69.1245746197541
