63.7139242859024
64.8142628895808
68.2918047646169
67.7641215321061
66.3077647243506
58.1884262269603
65.6464781715369
62.9032001441354
65.4523975003135
59.3616624607398
66.2809721115689
69.3004247100338
67.9579550136571
66.3159537616741
66.2371248847910
68.8283775728490
66.6087962858753
66.3577355882987
54.6887830646946
68.8769626222114
63.5916494307757
53.0560067582396
65.0909559292464
58.5780147712582
56.5274033027169
68.5051075889754
65.2722089322120
66.8967515382211
67.1535502325349
66.2194639673388
68.0761257949554
