69.3654122913455
69.4491005248441
64.1808173775475
65.9125961245771
65.6927407380715
66.9921848634742
68.9695786100662
64.9264518965634
68.8568174736182
63.4113589624826
66.7043927791123
67.1402441597269
60.0186511325737
66.9922684758118
67.4698882880887
68.2550785738806
62.5195676359211
64.0792782877941
68.3271037294047
68.6947743149430
64.1683284036264
68.1097752071285
66.9900496815243
60.1829769275442
67.0323888459907
66.7307313289596
65.3738473135039
67.2684498133554
67.4137949354668
61.8049267596974
63.3555251408960
