67.5063693850913
51.1269900057715
66.5716339588702
65.8846769868602
61.5128676777271
66.2947050065161
65.2365299989566
52.2352446616912
68.7772315644637
56.2995095786095
68.9741300619280
68.9651969315371
66.0951799784478
66.4288797576056
67.2830219531604
60.3372539209534
63.3988977238808
66.9388508185347
69.6776177957588
53.3978779880873
57.6055280746793
67.7027887800806
66.3508724307682
56.6595441054389
62.4371499622091
56.2413545075642
61.1649708861453
64.3888770379236
52.6196299380601
66.2941264421134
66.7573307841169
