63.6397234405497
38.2051728501686
68.8467614051555
58.0312908926124
56.2929795997516
65.0744233427051
61.2290725176643
66.7081524763613
58.3543872200952
61.2351288808494
68.5826172010371
55.5419138551304
65.7921934080132
51.2580073375724
60.0665738905445
54.0437389093070
60.9493695430083
59.7616091332357
58.6113471163326
62.0622194758303
60.8954792396618
55.3303670066018
65.9665656126430
64.6756776689577
65.0654007372082
64.6265659242702
52.7406939604844
66.8890904427104
67.3870401966568
64.1838290080280
68.7707006321515
