67.4490512697347
47.7108138744433
67.0129334157649
58.0506813535169
57.0946384076278
65.9676950496879
65.9812518095195
55.8159238278573
69.0026269609204
64.9614819049941
67.0219942345997
58.7873622441982
67.1678275983428
61.3078884142060
69.3507949185765
61.9735324564184
55.9817090853408
68.1415416867739
63.3708789833128
53.9078277351883
56.7027090696103
60.3852525165044
60.4151691800323
49.7327238221395
64.8963081402822
56.0725951497582
56.0116897549806
64.7711960342007
50.0215599627075
67.6847621103015
67.3290574950239
