67.6817491868839
68.2455259192752
69.7025493987257
60.9503675896516
68.5098617092846
46.8860937191089
66.8028007925518
63.8318324907045
67.4403274952411
68.9433274142738
64.2031117002366
59.3883669977453
61.9363598536155
64.3570394938947
69.0250152857532
58.3946556697042
66.0076275692818
66.9860057545757
54.2151221480143
63.4911826769932
62.5801048339950
67.1866445059333
69.0355959009279
59.0683918598034
66.1048359127011
65.8286340005414
67.1483198947329
68.7566631554635
64.8929549318197
67.7859846066373
66.7080646026975
