65.7961710309880
61.4560525267922
63.5915989688483
66.8260748294547
58.2524411350295
50.9214393973866
66.2647649946440
67.0926789836249
68.5301932769717
61.0599429022313
67.6566801340768
65.6256434034796
62.0776168778161
61.0909535400155
64.8165556174029
56.6737500528960
63.6452179340751
67.7146084846299
57.3966329935878
64.9988770410644
65.7444113423835
59.2048403392155
66.3347081195710
52.6030239860988
65.3200186924816
65.1756344865376
62.1163660031857
63.0740691774981
52.5609820441471
64.3246164310331
67.2222083633675
