68.6933626019571
66.9889031600774
56.0092181964693
58.4247918555000
69.2311429579855
64.1300158458336
54.5912127387574
64.8906155903546
68.2192194974708
60.7155005495593
60.3034875103743
67.2595452216716
50.6007684939441
65.9569536769551
67.2117002053578
65.8393327875254
60.1757206216514
66.1449630344938
67.9830693061812
65.0721959826338
64.3337714991644
66.0087189636089
69.7335018110328
64.0372666485357
65.5339030730796
61.7517889607317
65.3558957948318
62.5489324119670
60.5836390281051
68.2165686545130
61.1481794473477
