56.4906291003294
68.8383120579374
66.0285161592943
51.3103358254847
62.6849143696522
52.2741332569514
58.7892809880752
62.3947693999358
52.8237922751623
66.6931764994087
51.3655791619272
61.1195537581257
66.5178286616545
50.5802561210032
64.6576429021990
54.4818494079639
60.1203209674164
66.0100506280945
65.3071637260275
63.9144346218287
56.3854298749330
67.1692957676398
58.9753798979508
54.0128282107217
58.9540462960646
54.7188020603656
59.0557165366940
64.9898309403608
60.5274801015598
56.0837085610929
49.0464826303524
