69.2818822031436
67.8294817621155
62.9274552347257
67.7328062736464
63.6962861246132
60.7345983544171
66.1805818143728
69.1264030410055
67.8020529690131
66.9619556347370
67.8226250453138
65.8859660889004
55.0875562513242
67.4519489527549
68.9690712406753
67.5908125141931
58.3473342529464
57.9955041937444
66.2962959710482
62.4131172636041
66.8068902766010
63.4019432368244
67.2987460987954
67.1650720868866
65.7328551350500
69.1042545787122
68.2374488732988
67.4537827225020
68.7794904563845
63.4437990414802
60.7851761199663
