66.2289063813764
65.5752176613843
68.8483740146009
67.8158078270703
67.2163012175577
57.8839906081585
67.8159502711922
63.5337233465311
66.7871961345987
58.6236871260169
65.7061140452703
69.0272272294822
69.2567870077762
68.8051037361456
66.6321581073831
69.0041214660484
67.8108512625947
62.1079114303296
54.5708230282143
69.3603955977194
57.9430767169438
56.9065272002829
61.7038842667620
67.5608514321855
56.6666816648588
67.8365229007132
66.0045858732605
66.7715843249591
67.8884806602530
66.6077319725271
68.5303461510240
