62.5100846737269
67.5094274479418
65.3199248033448
66.2377674546357
63.6464091631308
59.8819046749811
58.2303767266062
61.7833645554205
65.9297521360254
67.2844540785202
65.3042990254906
65.1169507213767
66.6396236519354
65.6879634920570
68.7598672085762
66.2949471644633
59.4864923056676
67.1493165958918
61.4648868639840
69.3054946591224
67.4688305399144
68.8893600459746
67.1775080400951
63.0085981670488
67.4175846704270
62.9817725057632
68.5070282697692
67.6141931735637
65.6236558223633
62.4861008759404
67.2238667063204
