67.6504073939996
67.0863298449915
66.1358395721566
67.6072236587982
56.4800766217280
57.5382717950710
59.0500774251748
64.9622677193410
63.8798874468743
65.8874807600057
64.5840819965743
67.3975811214060
55.7156712061656
63.5964461758600
68.3976017181764
68.9230021401874
64.9742905507890
65.4654020559846
67.9480877432252
67.2091979159805
69.1982549420210
62.5318662826450
67.7273499885977
61.0352231859700
62.7304238085544
65.9513678898801
61.8750937274964
62.9253174073355
64.1161937296826
67.4656998930879
62.2389020404030
