68.9815461799935
64.2545175918329
65.4993126206702
62.1563176159260
61.3251047432959
62.8717287720726
67.0564512586842
63.2396322812612
60.6438526656835
64.8762086894269
64.7868766180202
55.6933959506044
62.2932904440469
63.0523933205566
67.4549120274819
55.8576104929424
69.0841633581088
62.7664092137849
69.4652980437380
67.0831774526420
68.3429105713396
51.5845611839339
69.4056328716268
61.5751701809670
64.3050977314017
54.6351390684210
61.9356740066115
66.8649994076539
66.1997687509137
66.4600505759398
65.5401776280951
