64.0484601262583
67.4090395300751
66.0562146676154
57.3915026537153
65.6055702938970
67.2029811223360
66.0090071161437
53.5459280967079
65.8505227437438
62.5338873781158
61.5598244314821
66.8643409610606
68.1216402986440
62.0737804086286
63.4167202739996
65.3722024950589
68.2690642057806
65.8599679893784
63.1651333679855
56.6250893851458
67.5045591671469
68.1080565106342
67.2488350721102
67.9059389886306
61.1736850467717
61.9823246485409
59.5668505794026
63.5478637125191
65.1755322624140
62.9406130267645
61.4476996124279
