68.0584625457673
67.0929039389980
64.9834190213424
65.7338961646249
63.3939526164921
65.4218542178360
67.0084302088441
68.2478044354962
65.8040540570446
68.8039426306473
64.0719970991156
67.5343625928927
64.9849959023755
66.8907688555546
66.9619634037597
68.5684423072539
61.2758710807114
63.1227652878250
68.8536817821582
67.1797837453339
67.9182251443326
68.9836339249374
66.3607656754002
69.7127104011455
66.6165401532214
64.7850281533459
65.1230591760220
67.8130017300651
62.3110486128070
68.8570240197568
68.6935349674145
