65.1482651922178
65.8649905200054
67.2272787533588
66.9427610697685
67.1566812731089
65.0827303804583
68.7134774759626
63.4494400731396
66.6208203686143
66.6701001220457
69.1700548145301
67.7401640151241
66.8449701216789
60.0654992994568
64.0148458012342
62.8495797794021
64.4552839100019
67.9711759335018
67.0336836831304
64.2413809636314
65.6781806426354
66.8890548006943
68.1112040359835
65.6133544293160
68.7099407760716
61.0292529458829
68.1944737962741
67.0639094917977
66.1442818180935
68.7923142343052
66.8463085889175
