67.4577349304268
64.4510360489794
63.1312017204740
60.8342942139896
66.4854952769928
59.7343698635173
61.7686093275972
64.9107639685148
67.4440354876455
66.2352966487611
61.7271208820288
61.2979713556402
66.4163156564164
67.6516500470607
59.4759093681611
66.4915333063612
66.0898797657090
55.6258389470209
60.5805609913951
61.8729620452458
58.6362193434618
62.5692530638523
65.6216673992405
67.7659516344964
60.1760040495218
63.6958782175596
65.8765785399127
63.9762745132380
60.9743908228356
62.3652852668456
63.7812218166724
