69.7039297475413
68.9949110846158
68.1430456927413
57.1057557106246
68.4572317935438
68.6216800216309
64.4704962377855
69.3098524733180
65.3523859856537
65.1917891584435
66.6735805145176
69.1053895110718
61.5547942711839
65.5728063500315
62.4963058991382
66.5364591564433
62.1671633314496
68.9748236090385
66.1109931832635
65.1568625379318
64.1820454028435
66.0315568245727
61.3915791965434
67.0215080969508
63.8585110903951
66.9608792804292
55.4242498425001
68.7829454292208
64.3497919901027
68.7532992958674
65.2505643010371
