61.3190268748911
65.2552982961994
67.6603388639278
62.3911503994923
66.7711722230487
62.9147556163233
67.5041739416031
63.3267580443788
63.1030760761377
61.7446277552898
64.4203135939117
58.2742129702452
58.7489469174056
64.2484157021537
61.3950242176760
62.6062611254130
67.2360420957220
66.2514257548749
67.2721237984684
65.0932166439776
67.5932513584001
63.7535860250359
66.4639329217901
64.3456199932352
68.0729686201322
63.8420569890237
68.4297748183801
69.1504538955128
66.6726625023893
68.7515229256935
68.2901093927933
