67.4687076490149
64.7402084949812
59.7423211716072
66.9327970604354
62.8535649587087
61.3882208173369
63.4961490873281
65.1497116745374
62.4923977650890
66.1114935830781
67.1637932732351
61.2388292170125
66.4121345012565
53.4144472648680
65.2986997223381
64.0684670801666
61.0410967408263
68.3577049151887
59.9150457171521
67.3592802382768
67.5395832419647
68.5787321842236
60.7332462781967
65.1884699838771
67.5957174515642
66.3661911914885
68.4763809067010
62.1230697934785
66.5412410975590
67.7923938194449
64.9841928028029
