63.3904162091492
57.0134087106765
62.1310156966380
59.9507773915464
65.5117078014343
69.3477973187862
56.9594801760314
53.4519646791004
60.8153153997032
65.9580722455998
65.3464534230053
61.1280530677138
66.3733939214332
61.6220230370753
62.7094591773010
58.3367254143756
62.3450675212578
61.9926204298590
67.0507193914442
64.8096149472247
66.1131631615719
64.3782436027517
67.2910329664916
62.0572262849512
60.7094860548891
63.2833588254764
64.1316189862036
63.5653063590522
65.0910437945652
66.1768278467002
62.0765573072406
