63.5024595064633
58.0044872735188
65.3712103285144
65.0219431706037
62.8069730981231
58.1159204202297
66.1282581101572
67.8440449225079
65.7330736196901
60.4144017353331
67.1305739370344
66.9808369633951
62.4959696187174
66.0264550710151
65.8537298472851
54.4515779648244
60.8066659395459
69.6684612128013
64.5542971461269
66.9943259346295
66.3565238230105
68.0918161978615
68.4288283416623
51.3526135993694
65.6730628331186
66.0073900433025
59.2735466619246
61.4607495034352
53.7472319486817
64.0460509955957
60.7377882446914
