67.9881731116445
61.1018657409554
63.7724615401125
67.9308947097167
63.1314187705388
67.5157615963027
66.8477681237186
64.1396228761672
65.6286270037540
69.6035337290092
66.1212494336587
54.8516909631038
66.0484252664734
61.1613323323709
69.3873002749954
58.2906213936470
66.7376719375210
69.6882192295595
68.8632598085346
67.5518133503895
68.7284386742962
61.5608343390043
68.2481542504751
64.3449191769919
58.3888017499996
62.3302492614735
62.3028027004621
68.9603694171603
65.1785864077617
69.5291471564065
69.1190281679044
