66.7966893458028
66.2911009464959
59.0567890604071
67.4017126180452
64.0191593854592
60.4849639207389
56.7527353034804
62.7385602923367
69.3991305843920
68.6775015753844
60.9697396859104
57.7817806916198
66.0625450729179
64.0750211551154
69.5112219505964
67.8481320489689
69.0002202452587
65.0439593530694
68.6960115416975
66.4919139516430
63.0645043318442
68.2025280295125
66.7844054441418
62.4312151986093
67.8423705264231
69.5381716157620
66.1314477733035
67.0197278722406
68.8270409290417
65.8403300217036
68.3148430823533
