64.2991423068380
57.3579394235130
64.8127697473237
61.6703401146570
68.0844602008562
69.8410231043544
57.9185474829173
55.1646476544123
54.8625259122232
67.5171229206690
68.4904471792557
39.1826624108944
68.1358971632814
64.1853051826940
66.6839677456261
65.9982317752647
63.2904818362299
62.7071322497929
68.9849463230158
60.1791319859940
66.0271924611630
67.0585944792028
64.7257392772830
69.6706222816271
64.6044971194104
63.6776231207228
65.2068546295257
62.9857684548682
69.3985331465360
68.6714260943640
68.8714686913478
