65.4947026609332
60.9515921865065
63.0288768911849
66.6414510106201
61.9785941871494
50.7220589590925
65.3985133516730
65.4350982574220
68.9693132356892
61.4721976624260
66.6887724315074
64.9973265850838
67.5854729285065
65.3437032746860
66.4833254274164
56.5833202084538
63.6049842137269
67.9997034031530
65.3720033132057
65.9185086041875
69.1782439967108
61.5730231599755
65.2870485538200
59.6328165400223
65.7969823936796
65.0147238733077
61.5957074414523
62.9853888318597
58.5913234359716
63.6954607128868
66.6413748573148
