63.5872240232030
67.0426631377056
68.3181273992653
64.3733349711661
67.0749381020673
66.7717093548075
67.0607805817963
67.8234558280100
68.4293066668192
64.0889957748745
65.5277477403340
67.3346333219878
66.3996634140478
66.8622383716233
66.1828199446982
68.8870906189943
58.6573021239906
64.8276425222508
67.0398701389576
68.4814000452486
57.6589995832473
65.8647888214866
67.0765425096695
65.6352742710378
66.8976228102103
54.4868943596733
68.5769588671076
60.1024017784919
67.9240767847052
66.0462359372816
67.1648448168761
