64.5123338065855
66.4978907137265
59.5516968870088
63.7459293061183
63.7666998338470
63.6803536351438
62.8712839528969
67.8546279510604
67.6951298857225
63.2888826788061
66.2797017482876
60.0607729169426
64.6198162777802
63.1232808671837
60.1184290544778
64.4971948479195
62.3104928719712
68.5470212678436
66.1141102695763
60.0334510888147
67.9711792304881
66.8137192414028
59.4820232720948
62.4334550285003
63.6985747706564
63.0661165199269
68.6287199049570
67.1126206152812
67.7468167337429
66.7993422929684
60.8910079556742
