64.8736233645039
62.9865758598819
67.9076384490740
68.3350211772755
65.3027665129169
58.0591928857019
67.0588584111401
61.2281249471361
66.0744194434531
61.2915781057595
67.4637245723057
68.8178706252244
68.0493139651343
68.6223437765452
67.9200923746337
68.0470852228943
66.4601717293473
66.1476010623897
54.0399282125806
68.6537187770529
64.2914478329992
53.7313887269605
65.1992165609734
66.4054412189676
54.9937260614535
68.4841550373195
64.6660255642123
66.2250501023838
67.2401401114116
65.2061686057804
67.7946162160416
