62.2527111148209
66.8728385856253
68.6126062217977
62.3042979301189
67.6349001151362
58.5883278600235
62.0817389919744
55.9962650716980
66.4966546738577
65.5434700174972
65.3878191408624
54.1858486907224
50.2289179734809
68.2930051068646
57.6958748100652
59.9525341229346
63.8110444427913
57.0777395485691
61.1155662848744
64.2524940606442
62.1793368632255
67.6928116497563
59.4844664160469
56.9435579265438
63.3536454828861
68.5190404402555
66.8069484113464
63.4148368296388
66.4393329368002
63.4607446660169
61.3118697115169
