68.4572944529166
61.0828490008735
67.9503691589414
67.1425813181525
56.6933415350601
67.0836585879354
65.7280371214915
66.5567423333780
64.9190582068146
62.6335543571220
61.7938464634431
63.6976608752786
61.9641238782660
67.2646028987829
67.1439760214742
69.6372029358490
67.2913815148433
68.5976680903634
60.6017251523866
65.8956356486420
60.1193512771445
67.3168707187472
68.9436333985576
68.5366490584829
67.2306898234428
68.0983219235653
68.7008820269098
67.1093979733956
67.4629893114933
69.1809311677888
65.5515285415214
