55.0265567618587
65.5322378251823
61.3471607320104
66.4964520720465
48.8923795719014
62.6008687683953
62.7460836514965
63.1339492128709
47.6968674315809
61.8362759614776
62.7707460226028
48.7066379544461
59.7285952870207
60.9354206480248
67.1156809224326
58.0094666460534
62.7274747223476
64.9483626221247
53.9766965194198
57.8447231786802
59.5320091978083
66.4082776420213
59.9069688300177
66.3210417699316
67.2628773613287
55.0543337469120
59.9819858652183
66.6071836740191
59.4695492016154
57.9832551792594
65.4787638830680
