65.4932730642011
66.3896396299688
68.9834655769519
65.2270226119054
66.2337926092987
66.2822658573307
66.8341083708583
68.1210085752029
67.3317035909351
59.8435025034371
64.9531984492829
68.6507653339399
65.7282658775759
67.0557226834438
65.4700047425941
68.5511840915621
59.0444993635806
62.0680644449601
66.4412975615752
60.6930133077350
57.6464313514859
66.2129176776521
66.1799289292514
65.0084296673743
67.0379780131249
57.5142600534432
67.6222315316317
59.5387227412446
68.1455437967560
67.3920851968216
68.1878074444456
