45.2272454465720
66.0332035930042
60.5723942689859
51.9076037190206
28.4021595755431
25.8110842600187
57.4655040368475
59.5132482017639
22.9387107422941
34.1177229539098
38.2781466298950
35.7279720979138
23.8183467521837
49.6083114971620
36.0721794076668
43.9674768476481
58.1528613054391
48.4557206719281
47.4439442883615
47.5833064625003
33.9067443342265
58.3065588049656
42.8269416690792
38.2525798744379
33.7287083823618
62.8393538631539
43.8277091461725
63.5215302872573
60.6062773400779
42.1704628350423
66.8972095477147
