64.6562016500299
66.0231051235756
55.5750483757378
59.7182389531391
63.1722127134873
66.7246093088849
67.0995012165618
67.8231793465484
66.1360829699534
65.5027467644758
67.1086663125047
66.4221829105301
66.5006406756113
66.4291884980858
68.4020872749215
65.1668352942098
64.5376421444367
67.7568336298253
67.1002786924643
66.3319271116215
64.3860253453456
67.1453025170032
65.8680572521114
64.2952319108558
67.7372403098766
66.9161501383057
66.2650790731822
65.4834920236407
67.6807613739183
62.1148413938455
64.2785401485454
