66.5250966564984
58.7315710039742
58.4581175373662
61.9842248023026
61.3639979493943
65.1433682105464
63.3173008465164
66.5448957308474
66.4922256745712
62.3882929902627
64.9029881373517
60.6837412939974
67.0680723285537
67.7639165659349
66.1170987941836
54.3731595220774
66.1846818774518
63.6557498785537
65.3992300011101
58.4020228820015
63.8396672255327
63.1982502233429
61.5003922528755
66.9746440673616
60.8292812941337
64.2767071503310
66.6498194291093
62.3060941517136
65.8783226515588
66.0834800808714
53.3833229376288
