65.7566263482993
66.9848836154357
58.6675122076581
66.6428192066907
62.3686527514951
60.3637463033769
66.5396612994945
65.8480303944957
63.6213542657471
62.6720252370464
66.2453631965533
57.8643389971416
64.3951075509284
61.3141968895703
63.5870900095409
58.6582194676962
62.1841100201130
68.1297956523806
61.7294451278141
66.8606930476404
66.8848055204433
66.6736969701612
66.0328401128749
68.8443530886701
67.2672086891603
64.8826854076109
67.6549387134839
58.4804981148731
55.6610420973183
65.8857964761409
67.2904931651689
