68.8970321004563
68.5792376334543
60.8990182576215
57.5830627011507
67.5530699789028
55.9278867062973
66.4305565356123
66.2726251831162
68.2366191123899
69.4531791134913
62.2749760416620
68.2212461158192
64.7774108967252
65.0924489322068
67.9141074521383
67.4155845466444
68.1067334522957
64.9510295312695
68.9620895278362
68.4476169014744
68.0741953589686
61.5357020849650
66.6817983436843
66.0942863913572
68.4611359470523
66.9160235926877
68.8474193512667
63.2191140773652
64.5363321335354
61.0443280219208
62.1484385021343
