52.5625295269529
67.3276798472716
59.4729124749254
63.9257061421987
67.1020041410223
66.8739021226930
68.8955894170196
61.5621907431800
51.9001398495947
65.1722422720824
61.6133372421996
64.9602089342537
65.3776001260119
50.2215228668299
64.8466442432736
59.6825326370227
61.5909491838235
65.0761473014072
57.1679121105961
63.3451091839862
60.6636143051946
67.9137582324745
63.4113159248592
55.0084629178608
61.7935811104625
54.5227739051614
66.3724807498170
64.8769274501523
65.4791693089179
60.3897104231835
51.4249902895359
