67.2670046140006
69.1179567617983
68.0145049727553
66.2264108666900
62.2536081143829
62.5858251557104
66.3048677435796
68.7065082263141
68.6247804408291
62.9839573928619
65.3662144573900
66.3490603840116
66.0815352715539
69.1324270509742
59.9098168149507
64.0482933614929
56.0339047379798
69.1437214493084
63.7076576432217
61.2965491532886
56.2318736647148
65.6388776891169
58.4009852474809
68.2141316070821
67.4528777899469
65.0290202542814
63.8903803431410
57.1953443749396
68.8962223645082
68.2212710754590
67.6990046861870
