66.5386863838647
66.0497166638445
59.2605013671256
66.0172879305287
63.3657680608289
59.7651456299009
56.3346176169633
61.8014564928716
68.5362854308122
67.9984496989147
59.3051327903919
57.8711547019587
65.8859336474193
66.4367150307799
68.5513498687036
66.3537249709969
67.7693061139200
68.0606591325868
68.4895316362398
65.5673408131681
62.7028513556628
67.4243199498235
67.3718744418463
64.1781579949219
67.7238357515061
69.3770082073031
66.4139148505889
65.9060396744733
67.8801836005409
64.6357774414482
67.5375513228803
