66.3000181871523
66.4020373732302
64.3055167347884
60.3799036121706
68.1899394017802
67.5689368174662
68.1270631240298
67.9630234383626
68.8019069669760
68.0808574867150
68.8907933039457
68.3718792435905
67.2971957287843
67.5893765377579
68.8955812463052
67.1490554919640
65.0309502153746
68.0366795965954
67.1074156587833
66.4576420602058
65.0170577755103
67.6230516687653
67.1368719455586
67.1186794604816
68.3212634743513
68.6544087842049
67.9595090157676
67.1905065670397
68.7741599639555
64.4757806458892
65.8768788037276
