57.1773116456525
65.5579205578367
57.7926602081740
69.3850641159567
68.7416159831853
61.3481931190162
66.9493862063964
62.1786317863531
66.9182834519942
68.4058066528479
54.4020095447968
67.4208217442236
64.3221750187055
66.6943268897469
64.9009050551258
66.3547944365995
63.5240450868680
62.5109907366906
62.1033968074672
68.8519691813980
63.1895391504119
67.4265204769863
58.9353776673719
65.1786428344371
63.5397354656814
61.9595208655753
68.3986595614150
60.9829776328974
66.7454596571495
69.0160405667888
66.2036701531835
