61.0102737647751
60.4626495133206
67.2837421907764
68.3972196689916
65.7635223273093
61.9530505462927
62.7438916053438
69.0441382256853
58.4007402799710
65.6177606971197
66.6562402141024
68.1063181956288
55.4180046588869
62.0566070548281
66.8483641216084
65.5581593687089
68.8540064775332
59.1672386087401
68.2688376522972
64.5769688236128
67.7228741409238
62.1563496478569
66.0233771436239
62.8245093163499
65.6239321306176
64.0233833640488
62.5735697751326
66.3557485064031
65.0021193363722
68.0040388257768
68.1109934961875
