65.3187628348134
61.0841090909970
64.8635004588253
67.7825598141851
64.9809951932635
63.3780531595141
67.5862879611217
66.2412529370386
65.6101524017414
63.9889548901556
61.4599711777084
67.4335615772466
67.9636001998300
64.2884099084571
64.1869073887716
65.8662176502602
66.7313769742086
65.5120328420851
62.3863533564834
63.8845965562527
64.9194233495674
57.8424570030981
59.8144070928164
60.3801847788802
65.1377688090326
67.9627569221922
67.4067331429256
55.4712716424887
62.7277550940599
62.7828688621542
66.2762204139897
