57.8928027528925
66.0475723453258
62.4501249742764
59.3047803973347
53.8499222502668
39.9195127339587
61.1733784292154
67.3427588892294
66.1609888174702
45.0332607770028
69.1566712437262
65.0255140924026
39.5058005931983
68.0476463889606
48.3407318330645
62.3412698882513
55.6919564145563
40.2399067451824
38.6343771337902
49.0571271690490
59.7150377639981
67.9798024227080
60.0758934526007
62.8048107850356
58.5730825718388
38.9522608277027
67.9654177678959
41.6042269977270
66.5815004089335
51.3920397583233
66.3770412372983
