47.7806614361037
61.0820741953549
30.4988488929669
56.2629538803787
67.3110329366615
31.8700415418714
53.1275104058593
62.4140590772876
61.8925231086362
60.1832435460444
41.9913802622754
66.1028167310545
59.4951822490272
58.9784088719259
52.5553704497672
47.2456652666935
67.5959507029903
55.5535943438296
43.9911951871893
47.2247314767901
45.0526900483414
46.6980188803543
45.1088639198582
50.5736000180644
60.2950373086249
60.2691917159447
62.7381442246918
59.8665103592005
56.7227783598455
52.7214223889700
54.9094713430681
