30.3918528779967
61.9800579356752
39.9356845027279
57.4432477505943
58.6315417699327
39.8376221686292
53.4611049548989
39.3301726134974
55.3185078014619
60.1996927343816
58.7091679262437
56.4211897731416
66.7509138154958
57.8086768108721
67.1304752379293
66.6083953796696
59.8445586289643
36.7461550085676
37.2079717466882
59.3593672752405
66.8436549611340
30.5030339404701
60.5548806663844
47.9132428767426
68.6736588184693
60.7179564703257
59.8463636099416
41.7989183452363
58.3755835668870
40.5795337837819
54.8843369070069
