42.0955291247492
65.4465067471182
62.1510581353353
53.4011470391869
41.6555842780479
59.5312045296345
44.6877639500924
54.8208971138643
52.8922466818480
68.0304232623048
56.6819184739428
49.4577641480578
45.4768660015059
41.5155358021682
56.0188085383352
53.0512046609557
46.7168765536046
33.7085307093162
58.4544852183881
48.7377952395164
64.3484630354053
65.1342221637808
49.4517519137143
42.9287296048048
45.3992994355419
54.0574024655317
49.2921364919293
47.4027006148751
61.0053712245782
55.4440442450715
52.9927178715025
