57.1142887909329
68.7070753453472
64.5412991772938
49.2614933898096
53.5945400453282
52.0652898022895
65.4742027654437
54.8976174048769
50.2018562486139
40.9337906522754
69.6849104309573
54.1674791528915
66.5758403142237
31.7521085107259
63.8410644705892
49.9466713496491
51.4023962994418
42.4505976541660
29.8368473270674
64.8640986251737
68.7236355463242
59.6634698358363
54.9489182332779
32.8824604692436
47.0948360089467
57.1176496729484
42.4974028693619
57.0768465311942
68.0887061191641
58.4292766648901
66.8227981835286
