56.7752498259430
54.2811520232497
35.3605752185525
45.8278536527547
35.5558852274944
30.0839713263541
53.5489858230639
56.2490950146573
64.6146879301458
67.2511157246895
45.7449842755675
39.4749023500645
29.9264663546289
50.2010361169654
48.5937086651956
65.8348637255635
59.2151140126099
42.6465371359943
69.1690998096048
52.2749422028644
55.8502414825096
62.0821180065592
43.6503848901785
47.7618734672727
53.7989344408213
38.5165925457524
55.2347569892513
37.3457326148099
59.5785066132237
55.7235240808814
51.6836026244187
