54.3274032061457
65.0464291848716
44.6523599073083
36.5576047745083
61.3773887865110
37.4865470965396
55.3924920260663
37.4311875665096
68.5151179447032
63.2930638109981
67.0724184169621
64.5204134070042
41.5466712783627
61.1627300611764
64.4604412009295
63.7435604100146
39.3693865355773
38.5118714380474
40.4679922278739
30.9239469369607
42.4362562649702
55.7445603962524
61.4528892116771
41.8797637202468
68.4425099963357
57.0029611841491
46.0341399529844
30.8326542865285
64.3106432674403
33.0404347979331
49.9116163024083
