69.1574391733485
67.1529859516445
56.9018769015035
61.8613421784651
69.2527850213538
64.9419202749802
67.8108430021773
68.0001884605227
67.5184212181167
60.6315186943552
64.6595067381968
64.9660153438014
62.2132105996470
65.0712679099285
67.2800234814416
68.5336459367371
64.7550167750533
64.5486584407641
68.1458758041347
65.0954596947364
64.4717255500910
66.4835338477561
67.5041782490208
65.1300691568453
66.9571858859925
61.6422453851756
65.6469368345657
64.7412628203978
60.9511235327023
68.0594955393880
69.6667920749984
