69.5969532661983
69.1843622723161
64.3653917162400
66.8777502917180
66.0476097123776
66.5769684382037
68.8707057654996
65.5668177154387
68.1977867814523
63.9014039746992
66.2033908053475
68.1083743535965
58.6232075840274
68.4976451714543
67.6070345916657
69.1347761671719
62.2266037796987
56.7685087216045
68.0756248322762
68.7957225492580
63.6605992943608
68.3392928923466
66.5301719874535
60.7194802286351
66.9670672449072
66.9563077343354
65.2928859347161
67.5050524067788
66.8019170411487
62.1100719162703
62.8466849233584
