62.5818391202033
61.1327426627005
65.0546289486512
67.3767463782961
68.5829503230012
65.1565166213059
69.1804443342216
66.0778166267607
54.5214227127697
61.5715257636076
62.6673829250657
65.8186516391580
66.9535639932405
67.8692944268058
60.8321655083253
62.7542520194173
59.4780665186135
68.6060783525535
67.1595111001801
64.2301124245934
67.6596169123487
66.7908960015842
62.3947670837441
59.5483950110731
65.7477230547859
67.2468865629334
69.1103692752495
60.2673843054995
69.0451989726087
66.6077402499349
61.1497284207968
