69.6123703219358
67.1978795321785
56.9586957417667
62.1318145713888
69.6429964995017
65.1588724048915
68.2913864705371
68.3569657389276
67.7028231840116
60.7360264259984
65.7149285129954
65.3313616968276
62.6727890256346
65.2001090592668
67.3577642232921
68.7948058633728
64.9913760147583
66.8467644999680
68.2487499495709
65.4176364898537
64.5492577357185
66.8095392435621
67.9745443141862
65.3135034579977
67.4574871149703
61.6887773633183
65.6469368345657
65.0455305292002
61.2959958404196
68.6481047786889
69.7125991332348
