61.0691282701743
65.9803255702425
66.0043632525000
57.0599253530392
61.4417983159677
63.6290737609217
67.5567496423036
51.3582245538082
65.4029637023007
62.6570718165874
66.0444890475142
69.3088409057018
63.4581620273838
63.3068521978302
66.0220771772704
65.3917940332600
69.6655923092801
66.5896393073427
63.9576242509109
55.7557528634174
65.9978476352096
62.2109872247913
68.5001373978354
67.4251438700852
62.8826051990930
61.5196013080052
55.5920602498186
62.4540753433345
62.5199282687805
63.5639743923465
61.0470262530591
