68.4768049225784
50.9315652505102
66.8747287057446
56.6718133642414
54.6684169818850
65.6453032477069
59.7741461177015
51.0061211813192
68.4567409589825
64.6135146159868
65.2560362980258
58.6921966664291
57.5525525584267
66.3069204897261
61.9425946278467
64.6959965635678
55.1358015786608
67.6865162266326
63.4274146700783
54.9737789673952
63.4485621298443
64.2029697162631
60.2531282785706
53.9148539591055
63.2020703505670
53.7963940763520
60.6526365952097
49.2587190122590
50.1256891020374
66.1907583537119
64.9873448820229
