65.7002027299495
66.8782604561158
68.3337288205091
64.1095193131416
59.5731793247833
63.6228479617596
64.0691373192111
65.0134484416153
60.5073162832406
69.0448732588466
61.4970111584834
66.0226177453177
69.2420548378332
68.1873190470449
68.0720194511328
61.3736182158776
68.7712610550105
66.0071729598907
64.6431498212190
67.9401424218920
54.7756902088951
68.1244390856676
53.2206905709002
68.4104556933249
61.6116151753093
60.0640223962363
65.5744763457279
60.6857717366698
68.2360064836874
69.1319535274949
62.6092200303815
