69.2360356741528
64.2262421453966
64.9456334967678
67.6682772938292
61.8984105693598
64.2460421822032
67.9551396033437
67.8093027056573
58.7223465939781
60.7330410888140
61.9585898946300
63.6540163782095
63.8890841054012
64.3774357993931
68.8476288010935
62.9108480454280
67.5422221652633
64.2276575619263
64.1914866971863
51.0764650870490
63.9389950337675
49.1637159640196
59.2151995286307
62.0112829113176
60.8462983022746
66.4675045148519
69.1588970882312
67.5251202964596
67.8142659941801
64.6450688637156
67.9110388059827
