56.3387942748798
61.4802406154334
69.5348921524902
69.6064820831020
67.8532832959929
61.8178709199199
55.1259931238467
60.0787894598206
66.9122397132745
64.2735102088304
62.9436808956631
62.4174939088929
67.8811532533663
64.8396909044064
64.7118227415539
68.1492901023623
68.5340686778039
63.3753616150134
68.1746570154211
56.9520857951774
61.7089436588927
64.6218339586322
67.5326082099365
64.7989304268337
68.2680691585534
59.5161754007139
68.4343441712384
56.3288862873266
60.8602149416447
65.8751069513957
60.4899443184594
