61.3948613885545
68.2552258653306
64.6457082282065
55.8645309306209
63.3233102627877
65.5611210351395
68.1169793886204
62.3128435249431
67.7735559643669
63.2206883268416
65.0238369222624
57.8584946660096
66.9558301345471
68.7867366330594
60.0340748979840
67.2793754131876
66.3137834062961
64.5489158777000
68.3402393826257
66.7693601057084
64.9300241651878
63.4110298858130
67.5036717387891
66.5122082584244
64.5560276443670
55.4230850773193
54.6509902913590
66.2726741629031
59.7329265326413
59.5746066732372
69.8067331341689
