67.7047265512883
68.9352304622700
65.9600345294237
62.5097531767411
69.5785413708797
69.3712414349979
58.0925071507120
65.1210982827849
64.5029376329898
68.8992909827993
61.0306493387912
63.6343078800103
66.0523854164998
68.2290683217048
66.5414451566104
67.7627679427743
69.1207516087227
62.5716915091323
67.4779204115304
68.8321955031350
60.3503603718182
61.1741870037236
65.2878579589344
68.6447862615850
66.3490231051754
67.7097504468823
64.2672459753497
65.7123404833180
68.3807218362534
60.6536501658448
67.9034564144292
