65.2768690937852
59.5390659934476
65.9958998185902
63.8975484994892
66.6558326432291
57.4967256544190
67.4666689180970
61.7387360159184
66.2508810333205
61.0271480026010
68.8730360833390
68.0116588203689
65.9710297244102
66.7502093221568
68.5995851288845
59.9358727912469
61.8219070098045
62.9798978468291
66.6246883253662
64.9701108011913
63.9280649548898
62.8254791640069
65.3869236156240
64.4887396585717
60.9961792386622
64.9879354856001
67.4520921824610
60.2829317627303
56.1463023896505
69.0007844663133
63.2422017567049
