55.5426947684586
66.3292810864835
55.1050802507376
66.4476693609273
68.8283106279304
59.4907003622196
45.7803542471443
69.0713776485997
57.8830422658696
66.4385291305639
51.7530100726973
41.0085045998847
63.5454896027051
64.9397048904593
63.3602154335584
63.5031270485689
67.5564469197977
64.4493417133007
64.3089590848177
68.1421031665877
61.8434658021861
63.8777010931515
62.6352249173505
62.1699359836177
53.4375986986958
63.3656198881613
64.0978206887571
67.0823425015532
68.8526862799648
69.4124899134072
65.7625291205710
