60.9667696118420
49.9418812909662
66.5472961673821
66.9617224843639
65.1864853597964
65.2481382765840
64.4161132192663
51.6316322937096
56.8448060601883
69.3877764267033
64.9712681971391
66.2429953034027
64.6984317070229
66.7311725160287
61.4619375627942
67.4332907148378
66.4337045096462
67.1430431552728
66.9699271389939
63.3244050352872
61.2093440599491
65.8954277170853
64.3923517467256
59.8393904673085
67.7953503405298
60.5197321577063
64.7828043772824
65.0056359415315
68.0463425349338
64.2304667951747
68.9613219246554
