60.4147758635707
61.9354863221014
60.9537026089245
65.6347626222892
55.4078452136613
45.4823475642874
66.0459979087382
60.6688482845844
68.9029315780049
56.8679127103475
52.1994400491329
63.5652960171956
61.3425051576774
62.9194007192709
66.1160088949496
41.6474839339733
63.5118571964832
66.9355664935547
62.5586126465795
49.2177774761973
63.7998891801936
56.3046261220448
59.7974149146302
49.9042084956460
62.9366477755031
64.8315523337711
56.9332416451372
60.9636152976779
52.3579633172773
62.9931228238359
65.9875781275125
