51.6527494263254
50.2878956591181
54.9315649722338
59.8978065590688
62.3584211229006
42.9019076034516
62.7940152596846
53.0017464562378
53.5041105505064
68.9556940245257
57.7780276849620
59.4462605131359
68.0858797623013
65.2037953042105
50.9851099400584
64.4896099659607
63.8759254045243
64.6334536257246
45.6617208232811
64.5059534985033
54.6849020124345
66.6013162282434
67.0836176476278
63.7969831071190
63.0916663413241
57.9797624582409
67.0217366508889
52.0059465227268
65.1889548315449
43.7617315249998
61.8434955579622
