48.6760928760852
50.2878948150629
51.5153080580010
59.8325853082081
54.2006595434943
41.5400580168345
62.1127411807934
50.5944632031424
45.7632716897144
66.1101553329231
53.3749830646540
59.2636220402706
56.3536425102538
62.7757936109117
47.9198590938177
59.0127726197732
61.5540768253336
64.5525235577744
43.8070076688291
63.7698703351922
48.4501983534841
59.0671870402990
65.5488633690614
61.6077495932829
61.4928271938833
56.6767166567757
65.9556945540370
50.9676924116371
59.6309160613656
43.7617315206372
56.2337882817224
