58.5948080744999
66.4957981226562
67.0086989734301
64.7598321276127
69.3990497524615
63.4745365007143
68.2897500186511
66.2315820218973
57.8808783522880
66.2668053318846
64.4773906862017
66.4984257715363
64.2613704622552
68.6088662580151
66.4765938637114
68.4679295542457
67.0819153935232
60.7366994537975
60.3789633150578
68.6450607529280
66.7410452361542
67.9901030744562
67.4086735812735
67.1392819785667
65.9201357498283
68.5761629871491
66.3018643494059
67.6418040493859
61.6571872190700
62.0549368796521
62.7692930865421
