60.2809390015022
63.2062077453835
26.9358139840853
42.9625810026622
31.1539592536178
13.7251762293922
32.1611364944414
17.9748152511316
66.4427519101429
51.1835431127534
23.1508933088335
48.1057337415813
40.1036313634817
52.6019337892175
66.0791335485609
43.9876738443675
48.8687860592790
46.5353061087360
54.4761635268591
62.5828878130345
32.6756996789866
63.8342609043273
35.4398561771909
38.4391142081083
27.9989771450316
31.3568276142401
37.7908565606493
62.6445809908036
31.4679169119531
31.8207103790288
51.0503832630229
