64.8437452675143
63.6972321582795
64.9591827427642
64.7107039792840
66.8375988310471
63.1323001396366
59.3942209471548
64.0930902653658
37.6359702725631
65.9266759515526
64.5142814827263
66.9650108221900
65.6464047638412
59.4445490096380
59.2751374416824
56.1190729124529
59.0260792944633
59.4512487461976
66.8079192099522
61.3012692092895
68.3061212144042
66.2337123299715
65.0964477733040
63.8112992150087
68.8982599243335
60.1638506832582
63.9305986008069
66.5725373969560
63.3243117044064
68.3073794185066
53.5164026271787
