49.5494476623015
32.0723537997859
52.3145031734844
24.6141249610163
44.2336844345335
49.2983971854659
59.5611952263688
44.0914601406884
53.4603569785512
46.4732952818144
19.1283736520891
48.8204735209269
47.6998926787075
32.5170654567310
57.7881094811172
28.6562560132729
53.8794628087999
34.7442613311337
30.3686447544072
-10.0629379157498
27.8537445792421
36.5499049375807
37.0588801488404
32.0999254309652
51.8485066173061
59.2448798546914
55.1295156333517
49.6901808143677
62.2274017837977
29.4916371028359
47.9084118953591
