63.6673004203290
64.6982658964172
68.3222196411668
68.6546295749077
62.9804051392952
57.4577608753955
65.9182273369045
60.8349260546290
66.3381599202992
56.8510644731138
59.5678629473541
69.1970456398994
61.8358263390139
68.1760548635085
66.2791380450276
67.6759857039763
66.8070126846325
64.8836805464138
48.1707979074413
68.4532105620230
57.3208495287250
56.2383849092661
65.3062942960640
55.9630640927403
55.0496985040317
68.4638248410822
65.9411143390845
65.5376600886732
65.9415963717260
63.9513287722048
63.8938988751445
