46.4013352338377
25.0142424534147
42.7581819083061
-42.4781685092088
22.4432706076727
27.8999759219050
38.5280797440511
36.4370963543942
56.4207481590645
20.8730950683999
61.9207363918578
29.9062217971565
-15.6748431373196
26.5285943278383
47.4732034012994
45.0598603650986
20.6879077244428
24.8041120816250
49.7360950431564
33.2488484929773
34.7394024900842
43.1725794758372
37.1321133804096
50.8301434507909
30.0944012570378
42.4813876632862
53.3195815977744
35.2628257920407
21.2580758547835
-33.4019959717395
53.8515323764469
