61.2386726103498
57.9462718673753
63.9629174084918
64.6420493762129
61.5208544913333
55.6177829017223
53.7431675927873
68.0074386255497
54.2342293365150
63.9277383688847
64.4432039791438
66.2903890605828
53.4870673527878
59.6261640351627
62.6912662015240
62.5366015621815
63.8088537864654
49.1620747613288
65.4089522795099
56.3882333914099
66.6189708412305
58.5978276692413
59.7567321470683
58.3687893775793
64.1724693256982
59.5816919848569
58.4310953384720
63.2759945131796
64.0271714874740
64.6590448605858
60.9492084765632
