63.5783458906878
64.1677424840787
57.6480578274259
66.4795342882721
61.7938817056482
60.2267747982307
58.6779735545526
64.0446011095709
62.2847488947714
61.0137346202447
60.3967767253014
64.1324466812833
66.1537621950791
52.2819335187162
55.6613864402963
58.7263505217920
62.6011860132576
65.6214028135247
58.8027668506452
66.1242310870151
64.5051381207049
64.9463809783828
54.6988954440109
65.6262578153661
66.8557568600930
63.6170806849611
66.8392021650878
56.4382755559873
65.6254858302199
59.0709922505411
57.5658851088220
