63.7222693911141
64.4459676656574
58.0720967991487
67.9092155760693
63.8834293643485
54.0939289819832
54.2260896002417
66.6595626221199
58.9950475004540
67.4242475325468
60.7210874087505
64.4850478432890
64.3092514975760
62.8609505361241
59.1892592434586
65.9282909222202
59.4853288609976
59.9180780379527
61.5815039387681
60.5287295481368
58.0945488522739
58.5202582577661
63.1067025017358
61.4916822152803
65.5618744984293
67.2835562106660
57.6580730382562
61.9853268352961
67.2372381484475
52.2129149798910
61.4560702080100
