48.0026322971622
66.1288523334615
60.3153509873596
48.6144548828131
50.7126653647937
54.9958707448689
50.0080905262739
42.5274298257437
62.5505203198428
57.9745607820055
61.8851294866832
47.6316777397447
47.7339912778785
67.0517538064582
55.7942970122634
64.8076860964294
58.4381558250609
56.4685393750441
47.7572088974460
59.8768631208817
50.2645983800486
65.3913613973611
58.4522275350415
59.4775068420885
64.1762261110147
68.1948286556138
51.6606309862407
55.4500455683041
62.1392143401810
55.3124122501246
39.4756340065839
