67.8283123986611
65.8969161191752
67.3750909902643
55.6950581560857
59.1919973181361
66.7941365108948
56.1704015596936
59.8801998049654
51.8143202245158
63.8924391179639
59.8823640422028
55.0508422540364
55.2967104303737
62.9831868868993
60.6160809283049
63.6728788497702
61.1075872577573
68.5654102897229
63.8239090104327
58.2431018341939
44.2040938554439
53.9510260957125
60.3793840157922
65.7138715537538
60.4480971476888
63.4104866225314
50.4632313325186
65.0808152571276
57.8994663516904
66.3269708331861
58.8219456793798
