48.1120373233300
66.8120436167702
63.0021247161354
56.8531299372566
54.9929130848308
56.8842899850091
61.3182046101906
62.0223221311114
57.1954243120570
49.7905816062225
63.9365094711016
58.9080981734102
63.6300086132305
65.5680434741599
64.5682075950428
59.4742573911219
54.6551973503242
51.5299177893354
57.7142367298584
65.1468581555617
45.6486444281570
59.2536294588962
50.4809018653617
56.0234911891030
56.1016852372927
57.6993638157239
62.3531965351705
57.8190929374968
63.3535277470940
58.2106847392229
50.5446356138062
