60.0325007008231
56.8872569757130
62.1492258681779
60.2744544911236
40.6391399421060
56.5643009562710
40.1470263910353
58.8575598910074
53.7166301884382
63.9284273690526
56.7004255860274
49.9803270039966
49.1487569598453
57.8582287252857
67.0400315069461
67.8559076549598
57.2223511157777
61.3518885166541
66.6020458312206
55.6716041206417
52.2781482771602
60.8207351025794
55.4700309680986
57.1204026039778
58.7436073170957
54.8874662107069
61.7307809595461
47.0576830900695
47.5836810012261
55.6698552070638
60.9003548750948
