66.3803963195260
61.6578656527519
65.1731466996848
54.0255482042279
60.8534736783458
58.7429800452249
56.7348474567493
63.4832988737665
64.3878260866611
63.5342159071513
58.7654010529242
51.2736959100791
62.3011164476035
61.1955818998282
65.0757527618818
61.8144441343858
62.1914810073356
66.0636001360398
69.1743012334967
64.2521558626366
67.3939385834333
58.9859925083564
63.7688642268754
63.0356806478338
60.4574106892487
67.8190057590785
65.6377824422574
56.9186220100208
64.6454467863456
56.4198130025050
60.8627102719077
