65.2971275542656
61.4246804062736
64.6508633359120
64.2283879593823
49.8430745144345
56.2174742564215
53.4814788208398
64.0016210683724
59.6368926331097
62.5747303706574
59.8178278421965
66.0786641140050
54.9838278792961
59.2734235334863
62.3746327291193
65.5377941290891
60.6529903128814
63.3058725998119
65.8590800959634
67.2735167246905
68.1543128106024
62.3126352904906
66.3901778484019
66.6761031702139
60.3832446354441
55.9746158495950
62.1126888918497
58.9968544176543
61.7915710415198
64.3905463430109
60.5478151832334
