53.6854304974043
64.9050813667232
61.7439019367599
62.0035118454306
65.8255428150982
62.0582175677751
62.4521503486681
62.1352764215119
66.1626550048010
59.3449321478498
59.6953302655778
63.8937975248442
64.5014892806882
65.6113535512577
58.5099238950207
60.4802957018828
55.6001177907871
58.5162023583427
59.7408489809422
58.0878153481865
56.0464239811095
55.3232424953044
61.9824433358878
63.6430879895350
63.9146826700744
56.5351128974701
65.2698957488315
59.1051619466961
62.8967951274357
64.7043391700946
65.9184104808657
