65.7134123525630
45.6944932096725
33.8610972804754
37.4364260327723
32.7771843746462
53.4450511008126
45.2216036858665
47.0605340486166
61.2683656704326
21.9802894891769
54.0402698353495
39.4020195315210
55.1535814882025
46.3189183382545
29.4710728505065
36.8983207409362
43.6803220744587
39.8161287157837
51.1178050393329
42.4279065462946
53.6819096335765
49.3030515581831
32.4381758230529
43.6617902249733
64.8169063005593
29.5765382883173
48.5734319712063
55.5174887526575
58.2070791814429
54.5110098247828
49.2647206879330
