47.2933503799741
37.5306070952477
34.3431514241754
6.9031709710511
1.3313149661385
46.1685146192531
-49.4914856298297
-8.8644400847386
40.5987855903617
-47.0720259493318
52.7811713517724
59.9020693142301
2.9670554240115
-2.7896561847208
16.7402130142848
8.1049254091943
-95.0221482916697
-64.5335420781243
30.1464635909515
57.6573790527180
-19.4369979020367
-4.5886601744783
17.7310542826393
21.8918281828616
53.7861028253929
-62.6059114930021
18.4801692616651
44.9204138051452
44.1380431190579
55.3972214183047
46.4673690606758
