53.5302490391185
17.4167748516569
42.1169113327176
30.2494483935541
22.8220084180551
10.7681371383721
41.5752184278207
31.2220032772566
46.0900097480198
28.8139159677756
56.6456345109881
22.0493480042147
60.2245071115621
40.6406215997003
42.0352257478472
40.7873146899061
43.4925071377462
41.8269777019313
8.2485792453512
35.5978946289879
17.4856530888639
46.3549807987612
25.3050635070777
2.7285062096315
31.2700436918309
54.1488047096713
56.9105274074397
33.6433519384891
36.3725094318819
5.6052418329765
60.8926109742023
