65.9938415798739
66.3503594562902
47.4323072180522
57.0498197596691
66.6468790917217
63.6357147596967
66.3657710363171
65.9912070692600
65.0184740090157
59.0066251332269
64.5788281159053
63.0837488096493
60.6758744463737
61.8129532647541
66.5699303999146
64.2089517861996
63.7983195608510
64.4388329924407
64.1236657808232
64.4569243768246
61.5663683994050
65.1313094673592
56.4918529162816
63.3218372452970
60.3842398041900
58.9432408341144
59.9124258678009
60.9741039604008
60.4784706536899
65.7823636494947
66.9452409373716
