60.6918146221136
47.7919013678595
67.6530181035882
55.0896673067503
52.6257155301433
61.2189200127534
60.6743332819792
63.7186117028371
54.4182178887550
54.1783699836560
65.4851317576825
53.6830751311218
54.8625399532651
56.5787022862563
55.7997226113364
53.9262922090455
63.9957380214181
54.9281683591799
53.7136378324876
52.4217268552965
62.3220068871674
51.4689201068982
57.9913498612304
61.5749604963609
61.4424134420634
62.5618902471800
55.7253676225895
62.5704182885815
64.8535623180359
63.2579674057521
64.6294315508245
