30.9798979437182
32.8609978626919
51.3993209980433
25.3149307168971
64.7007482956344
42.0497672905457
39.5241832676695
27.2836694285348
34.9429056765668
34.7505579716296
59.7647973726070
32.3837666343478
62.1689740008457
26.0099687623745
54.2668220610706
59.7343762404139
34.0236368856349
49.5504545572763
49.0365648601791
40.4910370144313
53.2796365090490
49.6394021511880
59.8944907607927
40.3122956784325
54.7575722799847
47.3626931832717
23.2746478105727
5.6263077818981
38.6068883697485
37.6397146847809
60.8123209585931
