36.6429027690684
30.0187415293734
26.2038344696145
30.3448620748603
21.2793012417893
56.0271536100453
58.3493909477195
30.7485764670029
38.2389238612063
40.0461296374343
56.2420792816655
40.7138357103943
67.0285510999176
45.9336243966433
39.6575952210822
13.8466565670255
2.9933277466115
50.7266685427305
26.9679729523269
44.9709919737278
48.3019517008536
56.3282791399155
32.0063473936509
55.2672581100733
51.5307682211951
-17.5579089348091
55.9994653870354
-30.0504537573047
45.7286601843724
26.0963266953823
47.0423333731081
