32.2905564758276
52.5190455020879
55.0413328546074
41.9313542913827
59.4050301121714
60.2098029631483
40.7465597132212
46.3759007357075
53.2547190565721
58.3503765974181
46.7232878324764
62.2115085996567
59.5167541260080
41.4172720136233
60.5056129829374
55.0690667393621
54.2520637363803
51.3147759901014
32.9331389171585
46.8104776896839
33.1696698215711
62.2929186463112
42.3971592631185
61.6445558863968
37.2876004436264
65.0462376265715
40.2935752587973
43.2445235025712
42.1009927600237
28.9957418204319
62.8397543842721
