41.6908516113451
55.3659295808720
41.4912001813718
43.4952490791121
54.1962029743903
29.6456658563029
44.1232672084132
53.8691271709004
47.1201468243837
41.7837023531414
45.7555157433393
62.2917960353559
37.4348993828120
47.3298904704648
57.6572527606675
63.8887505126959
55.5491078500218
38.5550285839873
55.3698902536604
54.2921772284103
41.6578060913201
55.3142608622541
44.9150482993012
47.4360677081426
61.2860157048803
68.7111869155591
63.9930240516674
61.6866329071308
45.1032077735047
47.3182806808245
54.3284781503270
