62.9150489690099
46.0552579445968
61.7790622402733
64.5311380755668
56.1531083090250
50.0952839897003
60.8732449148011
62.2083525380373
68.1768132699741
62.1537004213213
60.5811191884173
62.6913078108134
60.7588083658572
62.4390338751282
60.0262441949826
45.6008379973429
62.0301271592510
66.3728784689169
64.0752991963456
62.9103868519703
64.0903525272615
49.2740184293180
61.9996808345164
59.7319461974553
62.7669290571373
64.0303104907465
57.6434958151540
62.5929093776976
41.8322853221640
62.5170095445327
50.7933678896921
