63.5863100868757
59.6127018221070
66.6660836355275
66.7283487625859
61.0204260265434
60.8641202611157
63.3073408669157
65.2203967677022
68.4995246006236
65.9663079217119
56.1360981199614
64.5948860534777
62.2390649182111
66.7804220995281
68.1162071329864
62.4098017906580
67.1708689738451
58.6557500779755
57.8897828056117
65.5430534513979
62.6568713996328
64.9877720187557
67.8665853708155
63.3532171738793
59.8742421580965
68.3832315746750
65.3779662644900
61.3280992423203
67.5103887081242
66.0841952816120
66.0733675645635
