67.9560397781122
69.1430209180091
67.7017695025085
62.7125864345998
68.9832172420859
69.3014159878328
65.7320958203037
66.2357807757374
67.3972515805085
68.4464099557292
65.1225249603953
69.0646061263481
65.9967603418372
68.3277722773372
68.9108952088691
66.1282404555286
69.2357908495986
66.1626515645438
69.9299842730872
68.8082999316733
62.1099393148303
68.7129109354251
63.6800838367875
68.4697299975481
69.4863898761825
67.6543993486728
63.9492134241330
65.7341050025931
68.6940072645587
61.7613771709988
68.7544341936366
