62.9618801388197
51.6229261044928
59.4798520400315
59.9013661109915
11.5375492043149
40.7621860726361
64.3867046461374
26.1714513379787
48.1559641814833
39.0808680511202
55.6234744139190
55.8598709975368
60.2733900572018
43.7608463878626
44.7125811962299
38.8091151178978
25.0672293425110
48.3441258274026
62.3505795324312
60.0282162717749
54.6707857533420
62.7988278840434
34.9353227243839
46.4565249482179
48.3470125390911
55.0960335344185
66.4290777645462
64.8940123807965
39.1211890599095
29.6715473010955
53.9904314358998
