33.2388871803370
64.9268447396015
53.0055528251454
65.1592925866008
56.2739032630394
30.8551349303679
51.1782844003114
33.9686628055188
60.1599649896031
16.4664933858012
61.6547901702159
39.3483601066327
40.2339537496812
58.7723582574185
58.0477846652156
31.0962739509506
49.6872769907888
34.7772599621730
38.4720328624489
31.3328983172069
56.4995037409165
29.8540936890241
50.0236615745803
65.5364814913112
55.9661265718943
26.7396147768762
67.1920676361480
48.5414764211115
56.3257523257384
51.1668381243943
39.6338641587995
