66.1899126641633
66.1570415236944
68.1615590383473
67.7281373459313
66.5290334306841
61.5444729199716
65.9862748597493
63.1748751288488
62.0467242759004
60.6230587837246
65.8161606669249
67.8167983574923
67.5794896004397
63.1110517029419
66.6166462001742
67.7148696732929
67.8943172718878
61.6446543908728
67.2583062062484
64.7323376803487
68.0964594472645
64.7604101698207
68.5697686392286
64.5242612710048
66.3562002623723
65.6451048979056
66.3309898545076
60.1420507616638
59.6008286707713
58.0385759534199
60.9419899994223
