66.3749371627130
51.1242112544333
62.9512500570415
60.9677829679212
61.2762256128513
65.4805379444966
67.7779651931200
64.7607391711694
55.8841500265049
64.0957564825840
66.1811190590752
54.6378700721848
62.7229863356971
64.5110094391661
67.6394664651890
58.4585820939101
68.6312443955261
55.9006699681333
69.2278153014038
66.1777581759405
68.9125810896265
62.5305760325762
65.7808961803448
64.2704810649774
59.6396909915999
67.6307933051312
66.5126554064122
69.0155265799904
56.9235593546791
67.8232676977396
68.6802624148852
