64.2339388881370
69.1501633869438
68.0942228457637
56.8099026843638
68.3780440945226
68.8032124867849
67.7474181656442
62.9697038485714
64.5259593582379
62.9204890316707
67.8214655499130
59.7145357186340
66.8508044652298
62.6305140825651
60.8546474252730
67.6317259810831
66.0538476542659
63.9976194451026
68.6213647949939
65.3673305456877
60.2865431602426
66.3966677345619
67.4645711622847
67.0113878924147
68.7668022590088
67.6870699155848
58.8488159559111
66.7607855891209
60.8950114892206
60.2567654167229
69.4712019403772
