63.0214383681610
68.0746164839238
61.7471222237467
63.7669570495615
66.5427330686848
63.2083208638660
62.4050171192846
67.6208048618094
67.3774682430893
63.6668759694421
66.1007658131859
60.2001849627253
64.2727294551961
63.5327997453142
62.7552189712563
63.4493128610317
61.5979072084249
68.9615784117119
66.1687686876498
57.1899846621309
68.3063107448726
66.4728228236464
59.8844239064922
62.5269141046665
64.0225683991290
63.4037791008380
68.3070249681929
67.8587681551642
66.7158597938680
64.7963608977041
60.4166271025801
