65.8976470449736
60.5851294231103
69.1345386982695
58.2197998222389
56.3697925505866
64.8918224018184
62.2380725691201
66.7800249541572
61.3067396374638
61.4353165876834
68.4577866111165
54.6031319906573
66.1006345691430
54.8124165838428
60.5600430288774
56.9203772426316
65.5447389323180
60.9747487807653
58.8040606859159
66.6059832643776
65.5255906687029
54.6645139609640
65.6716040799325
58.9613269282181
65.0029503337669
67.2705278057845
60.6632590490924
63.4092221915170
66.9943625760008
64.5025931607356
68.4466946165601
