64.3554107807591
54.2904063346763
65.0631670040518
63.3875790114521
62.8584344531535
47.8543603038785
64.0743828528918
66.0675014909157
65.8293759740713
59.5961073231773
64.8432541615586
65.9926074458911
60.9852353042047
66.5899577362154
64.7194075558595
53.6151480966420
60.3409649473207
68.1016971847854
62.8354097869851
59.3061247823923
63.9677922710977
67.4505261433486
67.2698746673084
59.8592423858906
66.1274107135260
64.4849619634574
59.7508084370767
63.0229850312300
53.1303593498969
63.5831150960315
61.8859018535617
