49.6635893860940
59.6899369367755
28.1737007400770
51.2075282291309
51.6924276190963
60.9057042637024
29.4301565200286
62.9368899440290
31.1104854652504
39.5751317615824
45.3377459129325
46.5364340686624
21.2108738881685
33.3020147557394
40.1480499024715
51.4320462808101
46.2388145817815
63.5694965126944
51.4199294169724
41.9575891390399
33.5625117788150
43.6681462839603
46.9763935750171
29.7431480142780
43.3648380815324
61.3220157389451
29.5461227671117
36.2079595848044
52.6283266641552
33.9249871374381
60.3147318445480
