64.6219845481890
53.5009897159295
63.0351310043745
62.4550216428657
66.7385271288961
65.1095674899726
67.4146984756428
64.2940589719623
58.8711199719578
64.5119902032710
66.6695769751646
53.3249394892344
61.6716141619928
60.9143134886104
66.6799993300799
58.3294939863059
68.0646817048139
55.7051866078907
68.5000226035842
66.2245419922832
67.3490289496193
62.1902813471370
67.4038308018410
62.4212696254979
67.5479586092481
66.3022201601490
63.4973245180933
68.7963629735375
56.6710232871905
68.2804940569933
68.0472442892349
