55.8201735850451
66.8561476551820
57.0553696404945
67.2262407087980
64.3000564608019
59.8507112202336
63.8193768767460
60.4310588444979
65.2393091781937
66.7714912474947
55.1628671814930
62.2744588863357
63.6327784902647
66.0616373692692
63.1181572643770
67.2653659805643
62.7129780029674
66.6797895765024
66.4104561535923
66.4656709551479
60.7313830944787
64.1724373220940
56.6814121859378
63.9410299211582
64.6772804792087
61.2311504865511
67.8534260834622
64.8842814643545
62.7120284773040
64.1392090602704
66.0366681159458
