56.8539194300687
67.7359042371114
67.5921138530759
66.1821663764958
58.2321227722025
64.2942447665452
67.0593441440037
65.5524413525792
58.3240397985320
61.6001151639425
65.4328162082935
62.1420435067003
66.4163845649407
64.1935121537684
63.5786846350214
67.0910485983673
66.3439940309374
59.8204219325308
65.4927444370562
65.6571276112733
58.0060029493691
63.2988351237736
58.7471641652588
66.9023496358568
65.1416947489306
66.4503804730186
67.8516842655801
65.5547851187640
61.7452286158625
68.2213986620983
66.8399594708304
