66.5410053566379
66.1114892996169
68.1551526188639
64.3730065874788
59.6897762680143
62.2548372952233
68.2886725785505
64.6885108354136
57.5995677287294
66.9510075437395
65.0339891623948
58.6768441740308
68.8381990705551
67.3237099646135
68.0103629383359
62.5504061569464
67.5328304022534
67.7326100037484
67.0087018290321
69.0211337701417
53.4353065576205
67.8251577402050
54.6882879726349
68.7501461797511
62.8024667735583
63.0857440194561
67.4319207620902
66.2662562440254
65.7606435583393
68.4075735172868
67.0459579795030
