67.9573893768086
63.4422633488451
50.0965278962294
57.8158489200856
67.3075841557345
60.1934283814516
65.8202703139982
60.4743915745666
65.3812806080825
66.0809793985074
68.5421244070877
58.0129179474429
66.6769470932668
69.8052663927925
67.1102760005809
68.5682996046098
68.9870641967960
65.3575628961801
69.3125914879244
66.7314572617849
65.5930395253946
67.8326345796501
67.6535319018183
67.3147060765814
68.4676366139540
61.4447570305618
66.3147740726864
68.4758934800624
67.4472855365111
67.0210068407937
65.3695039665402
