65.3870717613845
49.3426239002773
50.3769104889122
25.2291505764820
32.9247350734212
61.9784083511570
63.6699609966504
65.1333300803692
46.9335082764611
60.0043082524623
30.3718683371931
25.8406779797322
62.4726008268441
56.0606821761204
46.9683304932550
60.3711506471684
46.9357476836247
42.2161481779009
1.2824323571206
31.3150297585971
37.0833101982707
65.6848379210769
38.3452235177135
60.7334135166344
56.2192795907149
46.1826430116200
57.6817547804442
38.8500261651894
53.4723592471916
31.1794145785079
40.9625277883064
