55.0378529361194
65.5786391182920
60.8617168666741
65.8266617555078
48.9786464250030
56.6922254103798
54.0951210581883
57.6596762309188
61.7126585458818
65.3578565743144
61.1832600023756
65.2193543886509
53.2028412872370
54.9397829556600
66.0050034254793
68.1155091674343
62.4781440112164
63.9923522985719
65.2264200436177
66.3243213948329
67.9465260558545
59.1080762889424
57.7134538584970
55.2940249860426
59.9626558496933
64.2083907586947
60.1414981347169
60.8827345138844
50.0402055823995
65.5630755980469
57.6140403224620
