67.1080335247692
65.2267058766898
65.6933078554341
63.0487091483232
59.4019134119546
53.1557092962787
56.3627938094119
54.6638266968090
65.9289733836538
62.3587066471513
61.8943335213201
55.4553119726462
66.8249651760251
67.5529254324818
61.1678954003812
52.4035534830991
64.3491494669437
60.3449671582748
66.7610697054904
58.0385784179470
60.7670028057552
68.8432071646451
67.9958852488246
60.7699045206362
64.5779314007188
62.3272377474353
60.8819211471840
67.5916268175381
50.2590296333777
55.0689892682357
55.4554109983996
