60.3303631343459
66.8595971155124
62.6499162721372
62.0695195304040
65.4854030644898
47.2565098296318
63.5022721903277
66.7050143707656
65.1056776246677
59.2672228147511
64.3939737646285
60.6382172699690
64.9817132958243
64.2402554076554
62.2307038641912
67.7581604131572
63.4244881161093
60.6628782206696
61.4957095057610
63.2744102121124
63.3419811027311
60.2467443711360
62.5412765410864
65.7998045887844
62.1885909409369
67.3346534982430
67.1544000399284
68.4785632206685
53.4521344297441
53.9677657341775
62.4819109655821
