64.8326400268514
68.8382848898199
67.9979262439554
67.3926143545442
64.7823993922247
66.8515034758873
66.4876336325393
67.5994346542121
65.5248904071685
62.8787065385697
69.7593471692953
67.1266238804466
67.4645133456725
61.0527376979323
62.0110143334195
60.7540513658427
61.1460508100885
62.5964656923983
61.7859973835617
62.1361199269957
67.0103760363568
67.6188403341826
63.4861026232634
53.8780646734457
66.7870473320366
68.2128040906332
67.6348481759225
68.3674723581034
59.1471454978661
57.8625916117468
68.8875686733021
