50.8935079524877
47.7707022592712
45.3029530780033
46.4091243479408
51.3092784210171
4.1398004292769
53.1095370372450
50.0771182065980
37.8945344406938
46.6325640091089
62.5779661009098
28.6022407521905
28.0995256982320
27.2470228286404
61.4595207921241
52.7113276434493
58.1191536432372
50.4887229423156
39.9993426875055
48.9753045010743
46.5532202672901
53.2511853072405
29.9286552969041
59.9605257569590
45.8982881238351
49.9314137467806
34.5584391951229
62.7684149541200
27.9615707605696
42.6510003015241
55.4901845596546
