10.8465149518936
53.1486591493566
21.8020250943372
23.3648086106643
27.1206719829660
-0.1001648174034
33.2548103772130
29.8853116290314
41.8445195479666
23.2242850684579
42.9003055964068
38.1341358366626
27.3333168387449
16.2874211646354
53.1677491344229
42.6005673032348
42.1586984743937
38.8953588914501
54.5240467896989
37.8279121201875
51.3688749256823
41.8895708854037
31.5053568977262
30.7738944430876
28.8592474694933
48.8747235244220
45.1037850595458
51.5257451046501
38.6738422833624
39.3774352233585
46.5110054763084
