39.6155049341777
62.8053408335773
46.1586145720537
30.9730314712849
41.9694880235437
2.8089838926386
32.1323657958244
50.9997404024984
42.5568614375276
46.9117209148695
46.5850560160386
19.5740315859223
41.4236541774926
34.2037349208273
25.3173543961585
35.8747872790947
39.4736417771949
49.9394285546785
45.8500317621511
67.5634016988290
36.5119493559015
45.5816361572437
6.1147730264921
34.7105407312543
47.5012383333533
54.0281817467117
18.7462252649258
37.5886811054399
26.2129491394245
58.5865005267659
48.4186404603577
