49.0325072128373
60.4748359826535
61.4846521853390
41.2882583830892
63.2475711357670
39.3942173227939
42.8266372436993
66.8672782822639
57.1111532725876
47.3141092320638
57.3118823620393
67.4984247810704
25.9102291452348
59.5977409125684
66.9694681846538
68.2394704772692
57.9794624567197
46.0537544557932
65.1242685136713
55.7039928244956
62.1782664728148
37.2540232475676
61.1124733704070
68.4944547993885
65.6635888928503
68.1317656826451
56.5216828598776
68.9091670033628
44.4406583590531
50.9569803008269
50.6188293165802
