44.7868487450435
56.9018091059420
60.0570090624941
48.7606583071715
33.0275672549061
28.6416931677646
56.2498958021018
51.1908532003146
48.9235337597065
36.0795446266992
54.9601844190552
28.1108069473879
29.0334302825476
65.8494327818466
36.6715438297036
43.3232900184994
61.7194359134537
23.4556268826273
47.3297578613955
32.1662344300941
39.6315915511909
46.9975399951212
39.8467523233825
59.0371304994465
50.8021804298256
47.1897162522147
66.7761048999772
68.5355268637826
49.8064416964847
52.9195171914205
27.7550576095400
