59.5482753942780
55.9151546257221
61.2958758005302
61.8758091078077
53.3958979553692
54.1208594551616
57.9136053528444
57.7060499448892
64.8281312479539
36.3285670990717
61.1213224590610
24.1270803649927
51.0123358641215
57.1727066491245
55.9742848380984
50.0784578972030
30.6652176729353
43.0211681277498
61.7407781980830
54.6930038327526
47.5786022908415
61.6642283657328
68.9997920780100
46.4126604812094
60.4029726541544
65.4203362140070
37.8957921248928
53.4080945203430
51.9111538852088
67.1503335043922
61.5986617698434
