58.8222887598871
61.8697836092927
59.4213007613032
20.4998192569229
59.5010767325554
59.2982267006433
61.7609989642288
47.9467987610427
44.2408043176474
45.4939140547434
59.9034712350495
47.0798526537295
61.2492841658333
55.7894313346102
55.1220742947540
56.0243162991132
53.3679599817132
51.3004503593207
63.5193121365390
47.6030727103771
46.4306208117125
50.6893338802326
46.7917857098374
47.0286121219439
54.2368652943706
58.8630852628597
64.5868113948647
43.6023173848880
48.3119702854835
53.9594524648966
50.4069719072599
