48.1158094671102
68.9485545111230
62.3582574615325
37.8347007370885
63.7839144835092
46.5110698598333
66.1309670311823
50.5611934679060
65.2731819279969
56.6844726405896
66.8508543788780
48.1392268979777
41.1692976799388
61.0918595072599
60.8901714747628
56.5869595118948
62.9179942410263
59.1192190746758
54.5403162839634
37.5454021719430
54.2075029287653
50.6002092957370
67.3849123655891
66.4093096385492
65.7709142188220
68.4506708009364
55.3461515362405
58.2623451635431
57.8471592241176
64.3624290980097
61.3104363959450
