48.0319869454298
67.7956277955982
61.9094157066413
57.8732057967450
66.9915581477909
32.8421965612195
61.1363804386471
66.5652016289709
58.6766980187041
37.7317717764923
59.0671117027754
46.4744798787520
43.1771463252764
61.1627633867151
54.7052011257854
53.3660931623403
69.4486737889549
51.0014898150613
60.6690144087860
62.2853916941582
54.5859669412945
52.9976578748385
68.2325644534971
57.9647316325115
58.6517625504823
63.8170872743221
64.3170074879149
68.2765917919676
43.8722765604799
57.9678407170771
63.0361762128424
