51.5537406413128
49.2456713950942
53.0728196601726
42.4106300146234
34.7411990068921
45.3567295165250
47.0275767770332
44.3694346817081
44.5094561044757
49.7232844520840
51.3973396025046
22.3533517248713
53.5850465787323
68.9064506242300
60.9563012515110
47.0151280824036
50.8846623354040
60.3249586457608
65.3841166074528
53.6194695168669
56.4823017963332
47.7540327600332
62.7303180610179
49.0199938495434
57.4802275348967
57.3706289683998
51.9127307284290
51.2205076628208
43.9447330341578
45.3408638375464
49.9806507104992
