68.0185608057083
66.9640260154783
67.9910269358979
67.5554040900940
56.2454011665555
67.7103065807421
58.3954086691580
64.6345856216857
64.5183583827980
63.0371029751114
61.6227096888169
68.7211468595316
67.6724847890532
65.9513348566917
62.4411606317700
64.3343219144657
68.3085460429134
60.7691929714055
60.2140462904260
68.8203044738120
67.0412841502674
66.4800569765449
62.9245278027709
66.2699718785424
68.7163926992910
69.5352365514388
65.2840921942491
66.3789110491958
66.3900997750813
60.8185492141430
66.3321682842196
