66.9551280458189
66.8125718849462
65.6423547052692
60.1903525963965
64.0381009176452
66.9300452403629
68.2681793102118
68.0381860497364
68.5541173435550
67.7636971057486
68.5692002349175
65.4475556750376
66.9975723240208
65.6008249385036
69.0640293717701
66.6997959751650
64.3331726187698
68.4437420510055
66.6223425470620
67.4531674196987
64.7153003997147
68.1415656613563
65.2194077905091
67.4925804262438
67.0292185941797
68.0498271785377
68.8896007197130
66.7531067974004
69.0827731797903
62.8866000088590
66.1847303406789
