57.7459984405976
66.9081374851218
69.3005110361548
60.1300299023072
66.4727241407791
58.3287401741060
60.5870079773350
56.8104146233102
66.1168401916774
65.6374436686230
68.4546786571077
54.2403244839724
57.9966578958245
67.3151659563694
64.3077279712522
65.9403841636258
68.1453312289392
59.0865666560430
57.9241667901255
63.9315370059229
68.1384971867655
67.8968347190128
58.8569319114861
62.2272118349224
63.1743995827474
68.7014095857719
66.5612978754484
62.6061264657693
63.8885325705009
57.8565804291412
61.6132229405641
