68.3609200023204
67.7116349158938
66.3397545091474
63.4893737902250
66.8978817390049
56.4269875620649
67.0264197400421
64.8116486834492
66.7040128170205
65.3786275424038
66.3788834292080
65.7131383910385
58.5241039502055
67.3249075741337
67.1471377377887
64.8792268100055
69.4021350678592
58.3029627018649
66.2952850235301
66.7236536144819
62.4538457902583
66.6256101004056
68.8317877183279
63.3965462960963
63.1045850519147
63.1064182519435
60.6435258785542
64.0812185726674
63.7380598125415
61.6885706428903
67.9160228062855
