67.9735081717378
68.2038291694760
64.6153723455106
66.5817377231272
68.1813787704195
64.6938757463362
66.0652147058658
67.3756448475531
66.5589818951441
66.5747304406990
46.5031549642387
68.3818209682191
64.3681828779657
59.9169783358004
64.2420323308863
63.2722081685128
67.4806722288102
54.8844383852831
68.1488955958666
63.9591313184336
68.6063143284700
60.3195760491553
66.6116062582839
65.3632053941583
67.4366851357978
60.2979204225383
62.1759170248548
58.3760760832165
64.4288591350687
62.9738331947063
62.8971692806788
