65.7187080227391
68.4086011209348
66.9771428971626
66.9877866049964
63.0208422892971
57.6958522869629
65.3065178986961
67.2333604858290
60.7583439103819
63.3171693005114
68.8809890115365
66.0593112939822
66.8060158867299
58.6471235277251
67.6642361819405
50.9654029342084
59.2771085273543
62.4052110741373
61.0152302173929
55.7638333763905
63.4859723933859
58.3398532031393
54.7193245723851
49.1376354375302
60.7380721844596
58.4437204641740
62.2479198824948
68.2583767803705
64.7065407824175
57.2863093799725
68.3543062829929
