66.7066935458853
54.3274961387529
50.9476204650880
55.6863646573403
60.7306513178831
65.2576645093333
66.9518951342784
65.4467115905973
56.8552030970007
65.9736073610214
66.9789142043476
54.0552533605176
63.1553136608555
54.3760023007566
68.2893701057984
58.8047608659712
69.0321012526246
56.2828242883882
69.2140297579227
67.9669665898619
66.4647471484643
63.1419506107478
68.3496617065145
57.7456429787833
69.3563990386069
59.2917277462830
60.3951099344968
68.9590462313877
57.5736410509715
68.8779813373282
69.0523277888356
