66.4162822650199
54.0861271464634
50.6185111225283
54.6424561945307
60.7063804232793
64.9827934837410
66.9518951342784
65.2185088268190
56.0204632095505
65.9245338431781
66.9789142043476
53.8935689452531
63.1553136608555
54.1960712935466
68.1317524459346
58.2225927937987
69.0321012526246
55.3281348165976
68.9310598262663
67.9669665898619
66.2421830231620
63.0110991834045
68.1814469821745
56.7319296632143
69.1753097798749
59.2917277462830
53.7148187035231
68.1954795063487
57.3530569506808
68.6273486678689
68.4840360851058
