65.0666523074435
46.3378303109277
65.9493863487951
62.2031663754833
55.8915049761540
62.3708774867278
62.0061954124780
50.2900626682580
67.9897149828712
55.7539458877189
68.7752376869665
53.3127872697202
65.2664565714269
66.2769914712485
69.2470110398826
50.1170280478276
63.0864683250596
66.7847230853759
69.2357954971034
52.9860293083358
37.2635564613897
67.4297517624746
65.9762908442862
56.8476556285350
60.7523071651173
55.8567341365034
60.9095544377197
63.6531078401654
51.9733294403955
65.9083060914606
66.5680792572866
