62.1075613448984
64.1748601059053
62.5916028824028
58.9312594820624
67.4369660023165
56.2882681351984
63.2911908854318
64.7462225093880
59.0146620343763
56.8519965913256
58.6744870292544
65.6451743437135
68.6437482395868
67.3964391244090
53.0792199107195
66.7746148550787
56.4039961833669
67.9616991885153
63.4661385720830
58.5808836597002
54.5993666567930
58.7344206469687
57.8461788152044
54.6145756666309
58.4117600760246
58.9869086416279
64.2349250315081
59.8276775093841
56.8075196331211
64.0443276151522
57.0050110927152
