67.8121211186157
68.3152113198467
65.4007893168450
67.6722315710495
62.2940607258174
66.8296360747570
68.3168789846997
60.2196337723025
59.8118291123870
62.4487628003147
68.9062247548847
68.5766316553461
68.1991109826094
65.5137602910102
65.4589800420379
55.8146141500733
68.4465665869338
65.4072688165193
62.0379022121666
64.8083164532706
52.0715807815063
66.4907477024872
56.6141507909791
56.2368248940813
68.7278929007224
67.8878549122965
62.7517250270796
58.8516226923214
60.2843450014220
64.0215908447239
65.6316159739254
