68.1130075697290
63.9100279708003
65.0349034670202
67.0789036360222
62.9530973344745
65.4226606094508
66.3696697626101
68.0162076618885
66.8763220315960
68.5321710022571
66.1253244211654
67.9345822058688
65.1628259263253
66.2312185744479
66.9489088533489
64.6698316881522
62.2294650019393
63.9379071354932
69.3861019660937
69.3567982297028
67.6566674827665
67.2516010484694
67.9934473433986
62.8976114514836
67.3337188338211
64.4732860722778
64.9132223951308
66.8317747360468
62.8211633936014
68.8744985056998
69.1947724585568
