65.9948838693147
66.2618120472532
59.5747384436331
66.8359103946247
63.7743650361990
54.7833578796249
56.9364278980438
62.8463814038176
67.5577729977022
67.9371225741405
60.4592150485223
57.6044561753019
65.0755404498387
64.8824428636857
68.3927012413986
65.3042090280145
68.0298998785189
66.2107536061319
68.0305385242208
65.9463715083967
63.2026980891585
66.0384523234009
65.5592424978978
61.1135532609289
67.1492254596959
68.5880888085870
65.1230939378864
66.1157070817588
67.8934808133349
63.0501687117738
64.5678910073576
