65.5285808642268
66.6057210931534
68.8157560693392
56.9087139606757
69.3788703026299
67.7661554805880
69.0693954219459
68.0712787074759
63.8451264131180
68.6099139061895
68.1131509076581
65.7008030670851
55.8464124247668
68.3188393595265
64.2740330928006
61.8071955187256
68.2666943458316
63.5235432798997
67.2429388259196
67.9770671720661
65.6696178938940
67.7445498362156
68.1520641427004
67.2207642697015
60.2998233339712
66.3893506899204
58.3644556815786
66.5163443097851
67.7157683819143
66.5789422525300
63.2890647208594
