67.3400785822459
66.3037558711498
63.9652000621929
65.2255239409227
62.3055755480345
65.8244402172128
64.6612857210282
67.8981648063962
65.8347678128490
68.4643061878084
65.7530328479952
67.4568007171167
58.7379188375620
65.6746976579678
67.5339923745194
67.2867698759681
60.6084553454570
63.0419477373122
67.3461347698604
67.4526514665331
66.1014157759097
68.6409144087018
67.2831495910560
67.2430382936087
66.5666098579144
63.6187521660176
63.3602105286078
66.8318687818545
62.4087662163763
68.5950104719975
67.8526040808921
