67.3407988131275
54.0258194878618
65.8924399312749
65.6144473277792
63.1800182391080
65.5747471667344
62.1534244192193
47.6079609341771
68.2123483727983
55.7988384946261
69.0568781754508
62.3097727670812
65.0561491201488
53.8348970368256
66.6621058720918
63.0442099942069
62.5417704759308
65.7528720022387
68.7344808598495
52.8761616078582
58.7282668094332
69.0558297962103
64.9639903093312
56.4553761176806
65.7430202533752
56.3096944812800
60.6391842846889
63.5822353681164
52.5008567991107
65.2155474354265
66.4951517306945
