68.3592984740544
65.9468101999664
65.5377041566343
66.7699372900150
58.9315896385373
66.8322535323423
66.3302195558082
66.8948320556329
66.2588106985051
60.0860506480301
67.2637508505806
63.0550832812048
51.8775083837348
65.4574377154335
68.5187232539003
63.5679957908343
63.2223989866330
65.5835305271001
63.5725047252211
58.0180106502141
63.7302796353214
57.4994859699528
63.6739474351980
63.9455200688748
60.0024555243328
64.8731519032809
68.5272601062125
66.8960026964979
66.8738056515145
63.2130061843789
67.3799757486288
