63.2109182749872
67.4783922957155
65.0169485051613
64.2564137092629
62.3702651063640
59.0187669615041
57.2465232950049
60.8458976175714
63.3358853560948
65.5524728257162
63.6486588756497
63.5380462733749
65.2114509845865
63.4506810862222
68.8752153579626
65.5300715455710
59.6278377809665
67.3572580374352
60.2049542837379
69.0573968788601
56.2514768660883
67.6978826744954
66.8530275490501
64.9992123500875
67.5058229413985
61.0103091495179
65.7929001252634
65.6560474827025
66.7269822442052
64.4702986079078
67.1317086827718
