61.6630447395531
58.9211236888231
66.4304083931519
63.2227290278582
68.0322096847359
56.4474310910201
67.6486705800676
46.6128908801685
50.0208125353608
62.5294599981715
64.3405175911000
61.1325426571741
58.8835875688945
50.5225318992184
58.2935134647405
48.0379751113220
51.3832416411495
66.5487246027113
63.3269513924979
63.2512139122998
66.4619459280405
62.8593697443854
60.2699041868024
64.6456085792017
64.7395215608647
55.6591691800443
64.9279762696504
65.7453265694979
55.3453095090949
53.7336519335069
55.0755296985039
