65.6842886906701
65.7795142335655
68.6108441797742
68.3579384415216
66.8620251117729
58.4000126104210
67.3543393673347
63.7101395443771
62.7031819029004
58.1649560953671
65.4680372521065
69.0115013330404
60.6805297320666
69.2445363617759
67.2528733789373
68.7831664266427
66.5970249631745
66.5449343594625
51.1505369835982
68.7824013450383
65.1451786001225
56.0507272577480
64.6309249001900
65.6600541674950
55.8854811673435
68.0269134454973
65.3619981975260
66.7433536822979
68.1051963958836
67.3153659605826
67.8789144056143
