68.8270365744781
68.8776867757851
62.4874018906825
57.7606357667239
68.4009848232079
55.6194995558967
67.5712749122694
67.3589904659436
67.4891750347133
69.3137513078112
62.5501500875451
67.3846980523235
66.9796631251058
65.9553999690437
67.4883587012666
67.7634354594226
68.3447002795115
65.9621095657423
68.0951798593227
69.6545706283176
68.0194643711761
60.6737009071926
67.6234972478586
66.8122010090097
68.6184607420426
67.3305988523069
69.3363237240696
63.1505656773970
63.9342504874402
61.2747876288658
62.4983209126082
