65.7282255318815
68.7561383683485
66.8661313955408
61.7950171126471
67.4244953328429
67.5028992680251
66.7822677592523
64.8914618219765
65.6609235878533
66.2330869614484
64.8003134213276
67.0404749634696
66.3204543389289
68.1790587940197
68.4414749079023
65.8800525028200
68.3621284771841
64.9249340871632
68.4250561793650
65.4984395220907
60.4863421928910
65.5729511192174
57.3344528409807
69.0333438231687
68.0014974284602
67.7520476874634
63.6028763603420
64.9362592881529
66.2564126920640
60.1884410222857
67.9968029998798
