67.2390292460090
65.8036708964630
62.4479509994929
61.9209922185731
68.4470413702836
61.4168815961332
65.5829356800948
63.6487549889659
65.3569931894095
59.0745572895928
66.9631099125126
65.3587208422082
69.3657190889851
68.1252893679982
54.1513159633590
67.6379476723333
64.0130171705139
68.1920597904969
62.4654471091431
60.3395533543302
62.8423632949891
65.8534283518290
61.3844138637418
55.3393188123568
64.5152631518356
58.9000639693254
64.0334415956172
65.2221564989634
58.2882782662220
66.4481507254915
68.0993997218001
