49.6830307339152
61.3563228965641
35.1273692557830
41.9441515302170
67.2370530527269
23.9397168394894
59.4166697610224
53.6488679399367
26.6660041934866
25.7388752220017
30.6278515229131
50.7362483089381
32.1408190019012
59.5767276130446
47.9434322300118
51.3703706470480
50.6547748015229
41.8088600126768
55.1295263956277
39.7861616369731
28.7095252591806
46.9487360459390
50.9524245613885
54.4011084662858
23.4610797384012
7.0487094376961
43.1737668353633
60.6637022224102
41.4482743670232
33.4647033026176
39.9237238540140
