62.5441620643615
60.1204904287938
58.2931391365839
59.5846230871507
67.7654766141871
63.5540519815667
61.3456711905577
65.8515660381873
66.9787552938936
59.8380986400815
65.5005108594101
59.1743599519513
63.2577798307949
63.0469093955079
59.8983129393665
61.5453700159747
60.9606677673231
67.4621779194450
63.1757909619923
61.0344537983212
66.9044096028436
63.1306895105012
59.6346470149543
63.0953576924845
60.6252204990291
57.6614817482536
64.7743490301611
66.8524196486988
64.9757747683842
64.3357756058159
59.1678698535655
