61.5969694314733
68.0453902564377
66.1107478460093
56.1561637283706
64.2294796348646
67.5912896214502
66.9459578650168
61.2339705721563
60.6617858335640
62.1791529145956
65.6683451498271
58.7766441111835
62.5463034474370
66.8740124136754
57.6580132884781
65.6912048871510
65.2143948702698
63.2373876253153
68.4658970748525
64.1949933754994
58.8150972120369
68.5574494571210
66.3225913931073
65.4129009945448
65.8812148957434
65.5985928248301
56.6118827917023
65.9789370233324
53.3781199878261
58.9973289362183
68.2449250576797
