66.5982541136496
66.6876496987460
56.3142918703710
61.1739824886756
66.6827446786481
68.0815898308223
67.7631869866998
63.6057520609113
68.7095650955702
67.8762908734994
68.4058697588470
67.1147307975236
65.9222544679314
66.3649025572749
69.2665371389648
66.9439176208115
65.2686427982822
68.3513711711827
67.1016361819339
68.2101247086449
61.1521377462824
68.0444368301251
66.3607248747939
67.6140343797500
68.7596899568436
68.3681535262947
69.4589517787602
66.3076032631815
69.1842005145691
64.6687009137960
65.8690393922465
