67.9132522644014
65.9953951964297
65.6853580209013
67.9185826604001
53.4273202581170
67.4769073054055
66.9188544818139
64.5110180950260
63.9355852084203
56.6879672374448
66.5443814240227
61.4312069451811
63.5372246538901
63.8715129644905
63.0068719523637
63.8035684768050
67.0976356507942
53.4515972709072
63.6027370407725
56.7936731293795
63.6061006932963
65.5202172031260
59.8052047310883
65.0712154218021
64.4904238389467
66.1304830816180
68.1475038851259
67.2714656551340
67.8046685244304
61.8651495840439
66.7975932616853
