65.6037252623330
59.1205303628559
66.5991266051909
66.4823439274321
61.5328577945572
59.6656759002604
62.8693635058589
68.1531892646016
58.4748985139685
63.9894513470465
66.6033859755397
66.2200708342693
54.3501375391415
63.3789990015477
63.1320950703633
61.9598357878513
66.4009323937531
57.9061458981392
65.8357301268247
61.0830034584376
66.9718068046766
62.6551022946060
64.4145825234433
61.3301018766648
63.8155364215790
61.5569974481195
59.6886958114351
64.6011651947917
64.5182867164072
63.3691528494548
65.5902745238641
