65.2881942642076
63.4120131279471
58.8070513835652
64.0290962157045
66.7914724368190
67.2744426366365
60.6450331976892
63.2756636570972
66.8476733937548
68.3852982362409
65.6828093209255
66.5258012003446
63.9193108277124
60.1058195272511
65.0597945314760
61.0983916622720
62.5164155068758
64.1740974009246
63.9390321878078
68.0762277185213
67.4155359785751
62.4137616559505
57.2753816562181
61.3337949429771
61.3695340317004
62.4783800580752
64.2329618078971
63.4821832651698
62.9951693369289
62.5941240104683
62.7505650223573
