64.5772610431757
56.2649561597569
62.2843355466651
56.3913385623174
63.3288500375633
64.8892685187692
64.2978274537711
52.0317366195573
66.2366311342689
64.0103079111174
62.0938821551887
58.8714276136134
64.6326606318981
64.5780363654068
65.7381535393509
56.6840926519794
51.9768968910316
65.5131624443860
52.0897441028241
62.0977795710485
68.7722284631853
64.6390200169168
63.8466045240086
58.0611804057150
65.4277115636518
68.8899995257666
67.6988887775903
65.4228810276441
53.9671446801072
64.9678735508219
66.1317453833391
