68.7948429060364
65.9091292943368
68.5969054681090
68.1818355779685
59.2336421387908
64.4626807184545
68.4222850082389
68.2256797614842
67.0704406151023
62.8200786752402
67.6208953131965
66.6398820972878
66.8377683090151
63.9753483298292
63.0952791075850
61.0039097475389
63.6123035005324
68.2357913208548
68.2601395685427
68.7145791745122
63.0121321488517
66.8676196003054
55.8819188925111
63.9069021753000
68.8332312593713
67.2486966319893
62.5687765876689
67.5983218888109
61.6382301245459
65.3150473063648
64.5438564752689
