67.6597901478893
68.8503179466932
68.0666442885006
55.1104223472868
66.9613101427821
68.4693071641492
64.8098088653899
67.8227565764608
64.8775364925912
64.7336709628048
66.4615169362422
63.0914166159870
60.4586465845692
63.4786034481489
62.8321889400509
64.1203560476374
63.9160532401839
69.1288840491326
66.3690804449206
64.6730322502944
62.8734420267982
65.4899030392255
68.2980406893863
66.6035463072944
63.6790072320933
66.5145973326615
54.3242920396668
66.3485467568902
62.1615876633532
67.6058453879137
64.1213772484226
