65.9573839672881
68.0550089283084
66.7018392015267
64.4346616660175
63.7100342340933
65.4079146522320
65.2650096422784
68.5105036653015
66.2644667713453
61.4024284706277
68.5476762136430
68.3676430665095
66.5272743524848
60.9725659472045
67.9545554444425
63.9955608803994
63.0162108607333
61.6759104111541
61.7869527961889
61.2409004694053
66.1674088991675
67.5984258468028
55.0146798669247
56.4543843118137
58.9634909005193
67.6593793084373
68.1370815025734
68.4789297639186
64.2535419830194
57.5246516569576
68.4082720002673
