67.6152509039506
64.7415814680003
68.4487157086717
66.1110100329290
67.2918814143561
57.7037742664147
68.7329157333966
68.1380420303911
59.8406567493343
64.4240672123077
62.3108295712858
66.9411371179080
61.6079196931574
66.0324787723838
69.1772808758234
63.3436119930825
63.5516223818370
66.4312594592136
57.2838112392177
66.7399358158061
67.1078917413311
61.7070846484928
68.7264880953738
64.7687813513272
65.7517816305638
60.2775850075759
61.4857692038705
62.0106428742284
66.1078160252343
67.0586998115446
66.6128643797267
