67.7565840587784
67.3989048867160
61.6180931733580
53.0825676016594
68.2993548284106
51.0887500853541
67.0650449927596
67.1424175351150
64.6233098076795
68.7650883353012
59.5275319870101
67.0650724952525
63.3632490720294
65.9002005103692
68.1315818413888
67.9068354232143
66.7872338134764
58.0697626581256
64.1900054272176
66.9259507961781
69.0129340926765
60.3226777924363
66.6343516101678
67.0620898837969
67.3576345803845
67.0428973672734
68.3300248522073
62.6427923570319
64.4203602573705
62.1381386138113
53.3656588258208
