59.9654046675133
53.9703969695883
64.6665316860077
62.0307327426170
60.2596910876172
62.9142046407211
62.0578968056360
48.2686151954464
66.9985225543950
55.2911952085775
66.6009956430360
67.2978827445843
60.1758245317724
49.2726716812541
68.3817126551264
60.4344747124685
61.7728296097912
66.5398218747362
54.1805685180259
50.4447527374412
57.9392075491962
66.9603913933692
64.6288042268805
55.3916412791876
64.8106212673660
62.0193649112916
52.7935690964534
56.0625473686546
49.0744831718026
64.2574970581785
65.0658489593613
