57.8650939509294
64.4171215553202
63.5224226819114
61.4103238133732
66.3885979537092
59.3988431277297
57.2667595168971
63.7260823233205
63.1506339170917
62.2753522592393
64.4316318219766
57.7427983214093
54.9948496928508
62.4832769346210
57.0396911044813
62.5281909735221
66.4338833554014
66.6280200982404
61.9616962734369
64.5027846341823
67.5392674407920
64.3143387067415
66.1536562475754
65.0434106203706
58.5980376199284
49.0449217998418
67.5352479071990
69.0106925475272
67.7475362386855
68.6185054401786
67.6741687409585
