54.7102276966743
59.3596530975193
51.4629548690772
56.5315856710324
60.0615949055220
49.3821644024585
43.7027605309558
40.1045596710490
58.0687669388894
64.3541762414476
63.3812370761784
62.7274322374912
60.6117173255304
63.6793194770883
39.3297999441512
42.6872629037348
54.4827374735303
47.3503796417254
68.1694515614157
66.0106607981365
46.0625807533417
64.6920912067925
68.5590714577370
58.3054007885260
57.4649472351065
65.9661857929227
68.4774031831896
45.9910367781300
60.0438201764292
42.3557800379354
58.4604995138052
