36.7143469296348
38.3904669127230
66.8702252098223
66.9612674062803
32.8232634107933
60.5758223143930
43.8144252585351
32.8345406218616
57.1800405468224
65.0644266514505
51.4242598085799
57.6550743291677
48.4243023686244
46.6555326873229
47.7439524808403
61.9834806845733
44.8884107638268
46.3363179698758
47.9288816759772
33.2373946779327
51.5699150648218
27.3252493821120
60.4550403599145
54.8220545449511
56.9070802130891
65.2356415912172
40.9490436587911
30.3737995864795
48.4983158879258
61.3626563533646
31.2379744919603
