67.0613016449934
46.9792799176036
38.9088453345146
64.9638352388766
50.9352523978209
56.1793454396592
67.1264020433434
53.4324380492644
65.2418657159129
66.6135917066626
59.5474481863427
69.1920802039858
47.0001118628185
68.0406932762208
35.4917207262278
64.7401691456490
39.8145565472539
56.7025909001036
64.2992989995598
38.5504113593204
56.3234457166665
65.5417869456352
68.7148857173400
61.2747686825417
56.4011209301156
36.9667040413832
56.0874198314319
64.6661325377512
43.9321225713885
61.0138678113686
36.6216716000301
