66.7327879948032
67.0313678970194
67.1546566851519
58.4116426178065
65.8895791202034
54.0750741210263
53.5056406620804
50.3609687918444
60.6778683923038
62.7920815578947
65.3912901383477
62.1995956943654
46.8622658644974
60.9576914209536
65.5175564727081
58.8815993510076
67.0716109287026
67.7124303591757
66.9363059225002
55.3557311201461
62.3158856083160
61.9112804258537
62.6215122005735
49.1076146492989
65.1692838668821
57.3463008442492
65.0946242771698
66.5189842724325
67.1986583583279
63.8223334855060
54.7995261894808
