57.6431037590730
55.6510334030393
62.8460741608998
62.2308032818446
60.9293042190062
63.3441631266110
67.2338879610386
49.8342833903703
47.9902957664740
51.3526040541856
61.0565365605437
64.3593206678207
66.0615028946437
63.7631668906490
65.7025499841980
61.2509198192523
65.5198531238352
54.9888673034028
68.3524296962938
67.0068868614088
63.6915978894602
60.9000124499436
69.5027567504175
58.0086511585387
68.2637596741472
53.7800358650953
60.7420158575302
64.5301447121670
65.3928434820566
61.0441709334517
58.0693335167430
