67.1212717019026
61.2769312515381
57.7312204429515
68.7895053052581
62.3273044980254
63.4698876925920
67.9364639172821
61.5281644374690
65.1045238009149
60.1083046611707
69.1473202800375
62.4236155694558
66.6792545438273
64.7733060683548
62.7542281058027
60.7914829144229
53.4143733186854
66.6005185971994
53.6074727142992
58.1532607879506
68.9283685824594
63.4174144881919
66.2433628538407
67.8821112761022
58.7642299897461
55.5636489957135
67.1288166386927
50.4030705088952
55.3178818029611
61.4622778191112
59.5330001110387
