67.1101702930260
68.6323797309211
64.6041831986196
67.3134133478387
61.8844120578287
65.0646517364286
64.8768962145028
60.0213561393246
56.2972418726412
63.1118350954393
66.3374316509606
68.3225292294663
68.3689609504754
65.8244503573776
65.7216260236905
55.3464453830335
69.1132521419219
60.3718790893147
62.2928485262435
64.5052335486999
56.7600154708455
68.3546758356190
48.4954411836785
64.5505938792931
58.0528272079063
68.3874544923638
53.6133964080069
59.5080836026483
57.1039161856988
61.8885554269115
55.0426373529308
