52.4232005730538
68.3279931196998
67.4774031570496
67.1823332357497
52.1608911506296
60.1152658043701
61.7552264433094
65.4316206583700
61.6407028567766
60.8856964445183
66.5477324606597
63.5484306381626
68.7468160868441
64.8321584017155
55.8411282063686
56.2738928893465
60.4278506343492
59.8176196446776
66.3811425789778
64.1895270255481
57.8163037606360
61.0205247424021
58.6234350831470
62.0989551576632
59.7547195914542
64.8932775666797
63.0466977452628
67.1884683346827
65.5677238466181
63.1718654892296
62.7713073276333
