62.7403079236699
66.8683005101307
69.1368749659299
68.3438981743015
54.0460826659154
62.6506030072487
64.7733110723575
62.9188857802521
60.5444443578528
67.5631291917879
67.8699841835333
66.0161170500129
68.4515728076720
67.5171224359386
69.1773166821820
64.7020789884386
69.3130580415650
69.0008554040642
64.2577188715868
68.1032232011248
61.8125739417024
68.6069018181208
67.1863158700217
66.0800493893020
68.1200098740032
68.3550368962804
64.0004580379457
69.1053526528022
65.1859474209774
64.6509470731205
66.5093152240125
