62.9616482052233
67.9563833522031
62.0428157334802
63.2825588458687
65.4806641334517
57.5171988445175
62.7000657029692
62.5930713451239
68.4486879900556
56.4366130732519
61.2901560371884
66.0248123243056
55.8420420639734
65.7474157074058
68.3923608680147
62.6425867375381
60.7505454711352
67.4678024461366
63.8594892364107
56.6627790847384
68.2457758077207
65.5660346773136
63.9280327149631
65.7843468414163
64.4744444666981
67.3731428468218
67.5397000445298
62.0237573378700
65.3549296130210
57.6869084855191
55.1815733292490
