68.8459028604615
65.9920430230170
53.5800864310387
64.7737491318584
69.3457991242390
69.7471899879139
68.8371666963834
66.6151581097849
66.8912335320873
67.1178719824087
69.5279995465224
69.5216214775384
59.1455262653932
62.9847617029216
68.7646811382013
66.9152029751828
67.6887488449527
64.1116228274081
68.3677662149055
61.9521441839527
68.2555976607474
63.7760059791283
60.9221772645175
64.3920477077414
62.4695600238778
66.8307808157710
69.8522066419347
59.1569149711361
67.1243760415817
63.8213656172282
66.2000646092779
