66.7922801819074
64.8875381414153
61.5411165082478
69.9710461207363
66.2039316556662
68.2599710603387
67.0458095057134
69.1636668285250
59.8606078333776
66.1348501736799
66.4084554910834
65.5089025978551
68.8862491154803
68.1116389580920
68.2190229311020
65.2358641305341
68.9479787808250
66.1342551856223
66.6496676583119
69.9343819162364
69.9471739219978
60.4916716737764
69.9684640106353
62.3093297149334
65.6209027768950
68.7287600604707
68.9506549696984
69.7165428858005
65.2205801202496
65.9817029801203
66.9998793413069
