64.3252719187188
61.4601148666089
65.6224410003979
68.1247441230829
68.9358506438985
64.4981976582265
60.9085780563970
69.1816178081321
59.9260746620522
69.5080202249869
64.7221904340809
64.3597893187225
63.8611313671264
54.6031785059565
68.1441925990247
67.2843761037542
67.5714765182902
66.4433688977394
66.7546988334268
69.3552337996663
62.3955459739159
67.2386443585825
62.5322076723368
67.5945252385588
68.5465713524888
63.8620754147851
68.6079495559875
66.8574465042232
66.0632110388259
69.0985573068648
67.6897730369917
