69.2398546849362
67.7200314649698
68.1104725294778
66.5628931204134
69.7276493800460
68.0220528644075
62.6974448589531
69.3519418889015
65.2789569632393
68.3687213333103
69.3433771056094
67.4644481793461
59.1905234142014
66.1414150307957
68.9280461457847
64.4103774383107
69.4787228532058
67.3010855307234
65.4454541288735
69.7322901711635
66.6991944873101
69.5380967402702
64.3943153027461
67.3379429427592
68.8766536788645
69.1136894217699
65.2804156710773
59.8445350073472
67.6840081104720
59.8865706527470
58.1376961985409
