66.1564005879449
62.6874518398212
64.9252766260664
61.6462776674818
61.4018867478813
59.0459168081231
59.6382912751232
64.4636997952891
59.7188379546050
63.5028812497758
60.1988562768471
46.4775365822461
63.0609089376099
49.6627467769729
63.0504304798583
51.6456253256728
61.5616419670166
57.9394542255700
46.5532993860402
63.1305469328993
53.6996052942702
48.0996602842994
58.6248269103166
60.9259567660575
57.4284059530995
60.8534848399765
58.6989345043434
59.5356424689229
61.2898641422440
64.4831882562955
53.6721624456162
