68.2828021228840
61.0453149703128
62.5570777651752
67.1755816259725
63.1016626274902
67.8759750982818
64.8558033812508
69.5814682393513
68.9550388912379
58.0097914665697
67.1857681814462
68.3491117382905
61.2465002382459
66.2832251858414
68.3743075403384
65.5640618499940
61.9713889373528
66.6435273485498
68.2744150550231
69.4622650141446
63.4222941921123
63.5245443465044
69.1223679212780
67.9491398164333
66.7820844987888
60.7552362107399
68.6048342710593
65.3650709006163
60.2912211315160
63.2669034686577
67.2710115248637
