68.9211417643518
68.1205915173629
65.1141249281348
68.8995561280320
65.1686600710279
60.5105622110094
63.7585132011019
61.4521764125173
64.4086144302777
67.0952539022705
68.8547532468506
67.8045261753173
67.3594884741317
69.2450844575749
69.0086690143105
68.3173991932057
64.1859469464548
69.1566831452071
68.6526957170759
67.0195232860344
69.1895231199967
68.5466546151912
67.8936276436529
68.7066684447689
69.1513123988337
68.8021446457994
67.7822514295020
69.0213704782187
67.6466729777550
58.9689048254500
68.5986232168085
