69.4222165167618
65.5513225841069
67.6063608511653
69.6413203757184
68.8256913003402
65.0966965834089
67.4008437599770
69.0295168725020
67.9297424223181
66.1749165004469
67.7118235331168
68.8535282166042
66.0097802749892
66.1208704024730
67.9785101134856
66.6479265389939
68.4382195105454
67.3806439694140
68.6655143735924
67.3026749360268
66.5403783269688
66.3373795756344
65.4426414898318
69.6852276133519
67.7918039680691
66.2661058098072
68.6875080845885
66.1275870244920
67.7773431425250
67.3386479849030
68.5644012156804
