69.0929265052985
60.0923655132173
68.9059917045169
65.5236604467311
61.1893212436162
68.4228021480440
68.2649655311046
69.3268171548775
66.7631107665676
64.8194115079276
67.6667411562217
63.2245120738484
67.8727785357982
68.3681769446922
61.4307860937037
65.0201877868579
59.9827357592012
65.1425909986697
62.6999151805968
67.6602509643056
68.7996617210763
68.2237166438790
61.5752077106130
68.6747194871105
65.9691208928003
65.4375567488867
69.7666656041902
67.4871526094855
67.1500217471527
68.2843777968238
66.6867196386885
