62.2332782053934
51.4204796944692
53.6850798169052
36.0562499381271
65.6762106953179
48.9675909322971
12.0029594275133
50.2682523129179
32.5721879036838
60.2119559800804
32.5926980614407
48.0426220701689
28.7004037559997
62.2931326489563
-13.4233002352214
40.5509289078381
55.4754342319086
33.0649342281365
30.4934429503543
49.7966723809608
63.0694386731343
58.6552852537050
54.2532462095271
59.2270872560873
64.9695565368678
36.4030934216294
53.9603032232686
60.7135883716911
24.0960897807159
59.1008183957975
48.4741309740141
