67.5785846970442
66.7802957440577
68.7790602699379
66.7166397400628
67.0327420333012
68.5473984257765
66.2318228884537
66.4051337605691
67.2784233713104
68.4145765795038
67.9779265683110
68.8863300917497
68.8179481331369
66.0791201082697
68.0048522028393
68.5267946527656
62.1388537320536
68.8358618014308
65.3436361194209
69.1008918462613
67.0363960627536
69.4054922899604
67.6587308141310
67.8179563265631
68.2643227817924
68.1234364804496
62.0893155078030
67.6136321988133
66.8529390145674
66.1019171083888
68.2772625780835
