67.8239811094860
67.4314087604618
68.2682534384850
67.7504922368732
68.3977118973347
68.7435703971500
69.6170539214996
65.9210108645248
67.4691364126245
68.4044983534961
68.9584847231954
67.6035899707094
67.5371023915453
67.5557807365905
69.7026831515344
67.2863687561182
67.8069758967571
66.4803068273429
68.3326165707050
66.8357426906551
68.5651945975376
67.7591111680634
69.4682473292807
66.7161634510245
68.7120958369693
67.5488474295236
67.5517264737069
68.0980704948674
68.5377431307350
67.5228036957391
67.8816122475783
