68.1440374806711
67.4300088130511
67.3280632922423
66.5727274200653
69.1436899163012
65.9716302224616
67.7039976284194
67.7665754045751
69.6269378892602
67.4612793911249
67.4621846790795
65.1927565718696
66.9887876723013
68.7391466041779
68.3078573128433
69.2761311930093
65.9425601514461
67.2852406087025
69.1547484604423
68.1834043104236
65.2545588327160
69.2431983658687
69.5200662534044
68.5520968147614
69.2580062550560
69.3558136400825
65.2833898665162
67.2191353687547
69.1099525214095
68.7411391653707
69.0408990342535
