66.2026110239667
66.6727004112781
64.7033996049799
67.3755701697687
66.7613508346244
67.3585958398618
65.7329027613871
68.4427482397643
63.2028286091277
66.0715005367398
68.7554131364854
66.9582920677648
67.8434105630264
65.3587771157058
68.8861928972511
65.5913086009611
67.5032736933086
66.4897859094465
66.2049185745152
67.6960388965345
61.1709398161361
66.3306946716631
65.0731732630082
68.3797994867179
67.9551492340942
67.6013819449600
64.0277943778457
67.1994256387022
64.6765787793080
65.2537125804598
66.9602885126737
