69.3725444581469
67.9867064088175
67.4544037783382
68.2016829761071
67.1530553209183
66.2791891546434
67.6904432875122
69.2401094965806
68.1293931538594
69.1132105445726
69.0849513399838
68.2653878810918
67.7769243646708
66.4536485562298
65.4288276243286
69.1853162004389
68.4984002173618
67.1443036710241
69.0777698635339
67.6587375447754
67.9728575571711
68.4122554150149
66.2905873542058
69.2504308377600
67.3312169996545
65.6491440004565
65.5377536516741
68.6992911258495
68.2070523082328
68.2649275657408
69.0878546565297
