67.9721640936625
64.8725104020432
69.0010884400411
65.0520185944255
64.6583636779042
64.7616394825846
67.9392372854956
69.0817738404973
67.3437297201890
68.7033372696325
67.6942681524308
67.8510394386270
67.1744217761256
67.8287445519357
68.1035983964498
64.1678700663119
67.8728774373972
69.2812349856179
67.8393321779790
66.5222808724609
67.1627029711605
69.8245614429177
68.7473377732660
69.5309575161364
68.6987666928756
64.6257449447250
67.9724017727866
64.6479878670293
69.1208679156054
67.8008188655925
65.6346193531853
