66.7892034716079
60.8195107823244
65.0364024225821
69.7201119445735
63.4569205163164
66.6957845294989
65.1798884424053
69.2974977966001
68.3915221153919
65.7100033912364
68.6909938838247
69.0454282205653
67.3009232803502
68.2648771781286
67.6294935509032
62.2669852926489
68.5208298858146
67.4225105985374
69.1442774519408
68.3177556351695
69.0379308577615
68.5562904722374
68.3472200861563
66.1883590234328
66.2463108776849
67.2445175987873
66.5254889882454
56.5379338895095
66.5274239722274
69.1466457079868
68.9239101527638
