63.3114237202223
68.2566583636766
65.0839562798770
68.8745260785014
69.3347462424263
64.1738081006721
65.3038896878260
68.8805418042150
68.4642806830874
69.0701774272579
69.2366738624046
67.3571433779030
68.0867399279256
69.9015945980712
68.8114686470469
67.6144957589531
67.8357694351739
68.8770293057006
67.3053146706449
64.5393641929618
69.2149762010346
64.5396913840471
69.3755440612639
66.6485624894529
69.6985974278931
69.1937233962859
68.1849257249433
69.0052844347960
69.0711826672536
64.2899270627842
68.8875925445055
