65.5462459883652
66.6534755543277
66.5083046786653
61.4297452029848
67.2615473708229
61.8893971313126
67.8828422760296
66.9448166621391
66.7078020687019
66.1986222699941
65.7088360698706
65.5950299444028
67.2998978019209
66.0851177606674
68.4682855297374
66.0958431286352
65.1777220456576
67.2403064758205
67.7936745848210
67.6883434714336
61.6155589926562
64.6612666780449
68.4808625813196
67.0888848828033
64.8371079300019
65.2048262343704
67.4305987605646
67.9249835392968
67.9895134934969
68.3290697529144
65.4398949966147
