68.8120139657365
69.3288584138902
67.3147502248442
67.2414118635726
68.3302256940739
65.7386809973649
69.5733506433919
67.5603007962416
67.4572057182653
57.3016658314475
65.4919615725905
67.9087332273584
64.2843670266694
66.3970953232169
68.7424183765211
64.6879886653594
66.9720454793688
65.2693101322865
68.1055997989640
69.7819470983022
63.3319980551353
67.3063097174401
66.6722370530257
66.7067346717952
65.2734046480087
67.5108621252395
67.9915600457187
69.0146669646719
66.7340471992231
69.7048843209949
67.3108362773051
