67.0094141632304
67.2162562231986
64.1878053521562
63.2075744733396
67.2046870785812
67.1749165937383
66.7429637161336
69.3429259329930
65.3914381868281
69.2574642147971
66.4915418843061
67.7545067156734
66.2943923539692
69.9546941588701
69.8855756502546
67.1101608116655
68.0868477383948
63.7867648737708
68.1561870677549
63.9107009673714
66.0244043293700
59.5304495132761
68.0851144306087
67.4415115683011
66.4380746541682
69.8001789138880
64.3151131760103
63.8266147656546
65.7332567706051
67.5848254746496
69.4703842864229
