67.9706817956002
68.8878641712107
68.7623924092947
62.8157415841301
68.2448272538435
67.8473155121346
66.5186780802052
60.7227755019718
65.9856736677601
64.6328366144665
68.2112708309617
68.4489532747804
67.8867132640271
66.1221470543448
66.8356333544343
66.9817684198868
58.1960030550357
66.6852926029486
65.8364920120577
63.3464803409203
67.2692385179058
65.5883921964508
67.2669960531987
65.7180701113388
67.6734198800063
67.7058663717779
65.5852537324188
65.9000649837539
69.1416769299018
68.8824071029204
68.1196323277219
