65.6861128750991
68.4097211697672
65.9826688102903
67.5996327598137
68.8214142206910
67.9935582418926
65.6942461034702
67.8053416273182
68.5230724077021
65.4077684654711
68.0382781851156
65.9211775037794
64.0118129739950
66.9594496514769
66.7706773453248
68.7644374772602
66.8743588008678
67.7871724811671
67.5818092068066
67.6673361665446
61.7682307532261
66.1414476760409
67.8954974128334
63.9970368974313
67.4059772704441
65.6852683972220
65.0509628693338
68.0425087538965
66.7468894000384
65.6194976713128
61.1997708374389
