68.1626940862025
68.0560841231668
66.3031171820479
65.7306324798396
68.6274638817766
67.4634818649561
66.4332336381904
67.1411281752139
67.9087107743641
64.9934872492795
67.8555938831962
64.8056037519070
69.4503438082225
68.1455663065467
68.2256834905923
66.8463604245656
68.3198176034999
64.0380960972870
68.5979989905533
65.2302259390159
68.8373038022355
63.1378461799506
69.3165164566105
66.7544044350148
69.2118348473747
68.5423343454086
67.6531822348879
68.6620542337200
68.2736273455974
68.2277977223551
67.0043513557046
