67.6410601376748
64.3022027064793
66.2914526735372
67.3444250058252
66.6554002686674
65.9304744388631
68.7007494182505
67.7590402843968
67.9401197477485
68.4006070404731
68.1804878915005
67.2298076990528
63.1827297433458
68.7824457661764
68.1633622705824
67.6644330849113
65.8388201115992
66.1774135364888
68.4767194137250
69.1494135102114
66.3782725505823
68.6608412581009
68.4589496466654
67.2560995607462
68.0096012460539
69.3792276704485
65.6496026434784
64.4744011124024
68.2329304954681
67.5090017074477
68.6384622186661
