67.2378276257623
64.9397065764675
64.4790674254229
68.0056520544714
63.4846553880345
66.7184267363136
66.0043315391578
67.4070545649833
61.7815282503558
64.8773511335550
67.6299753039069
68.6174905365007
63.5290851670194
66.2998310428558
65.7631379181535
67.1269061133285
67.5392358460113
67.9345781954923
67.1176733207458
67.1685332263488
65.1299914899278
64.9963538990178
68.6831268908979
67.4837888638090
66.4729088928353
65.3357135448580
67.8352171995995
66.6544946738174
65.0608466901771
65.1927644586950
66.3894373066282
