66.6939051593296
66.3362074028600
66.0927491495940
66.3247841622252
64.3404946584599
64.3365346066039
66.9008077606182
64.8531896834809
66.7742131722865
66.9233665139797
66.8855092628479
68.6481875241721
67.9332457029445
67.0148069608469
65.1852314802455
68.0150873709701
65.9632570790680
64.2415257066519
63.7243521015671
67.7501503488721
66.7349064759267
65.8429787807702
64.1697060558312
66.7232922663635
66.7418276104892
67.1560719222143
67.4964567469795
68.3501394868487
65.7243594100685
63.3990920399304
68.0286759327414
