68.2857602528846
68.0567569504132
67.6438007758074
68.1643962103486
67.1986128685126
67.9829674753367
68.5647616738341
67.2818998122711
66.0841706365861
68.1160622797890
66.5633810069689
67.4616673438590
69.3932628558941
67.6026685573332
69.0213142770722
68.4253237911257
68.8419816069922
69.4372507964457
68.0581374998218
67.7350456821065
64.8644082171555
68.2320906483697
68.1640669138196
66.8559373203626
69.0266233005882
68.2642593844336
66.9455135110053
68.3239424883522
68.6343770546519
68.3142937460578
68.0357064400991
