69.1086644614788
68.4822503279759
67.6606512410858
67.7107861083039
68.8800360538189
68.9107426674047
69.0779113314837
65.7350356924898
67.7558022746939
67.4385875536500
68.5387537246345
68.2034139374205
67.3930660191558
65.7051121268768
68.7873396880061
67.5072860328677
67.6426582655420
69.2805812743861
64.3990739687160
64.0549586612699
69.1622383829477
69.0720547983056
66.9362333625726
69.3096627966233
68.8726408801638
65.5244399817152
66.8544911231009
67.0384945904955
68.0074462384743
67.3513611854145
67.9623588853459
