64.5759671042543
68.0006003781207
69.5788176077372
67.8936747341924
65.3035073161677
65.4616731855561
66.7901802301984
69.7651604695946
62.6798081469557
62.3354263132615
68.0941720711945
67.0659555038893
67.1244472360197
62.6962680492403
67.7516558720537
68.9231764448630
67.5299682777427
63.7064613337857
68.1580815753463
67.3597261062526
65.3168417411137
68.1912506495135
64.5506694160029
62.6234610743234
68.2642655807070
68.1463483730480
68.9310380873469
68.3255817297587
68.6609300338556
67.6570996022771
68.2345501772784
