67.0909204285866
68.0519003939475
67.9602567255936
67.6169210777340
68.7954917941246
64.3197289704449
67.6249749518780
65.0207027962415
68.3683694510529
66.0054824762076
68.3728146004151
68.1629975627654
64.1441756507144
66.1230824149800
65.8723155962805
64.7447573677454
67.2549367628714
67.9894114340568
66.5276806207049
66.5878483288422
67.3360858239992
67.9857030744792
65.7214655266756
69.5150152423046
67.2943514017694
65.7117552602352
67.3363355074649
63.7184427973455
65.0473180049222
63.8105838124611
67.2695605283468
