68.5545641020211
65.3612048084288
67.0873166743992
67.8918368253635
67.4510609923301
66.7183457099724
67.4633713427901
65.7908293420996
68.7826284109353
68.3623864189767
65.5596460595152
65.6882254311350
66.3744132672521
55.6963245138101
66.8510900816700
65.2543752135496
63.2212609504470
65.4420477874958
66.3503283951304
64.9098893198483
66.4920862535565
62.2304237932732
69.5726744204542
67.1271555951743
68.5334460810565
66.9531012671649
68.7557651286607
63.7916191638288
68.8165447096206
68.8017185843682
64.9613625940654
