62.6575021419915
63.2692479730190
60.1885255386466
61.5847412779004
64.8358002865854
52.1425552676201
67.6375495264861
61.5606448150712
38.7462396226099
68.0852766462547
47.9269915906173
59.1500679995018
63.7128386092042
65.6670583395540
56.0398613785345
62.7623252088764
68.3763312755687
64.9892665474983
44.3294962400988
52.8717127440053
60.3241028331758
61.4840993401189
65.9793823281443
40.7171553097749
68.3989588550121
50.9493568165976
68.0087756132549
65.6038078500394
57.6537006430566
64.4596422821684
58.9828531068442
