53.3468909502305
50.3426791210480
51.0261988962050
52.4296095078051
62.3334614286943
52.2014955165004
60.4925777362449
62.1481336081531
34.3350099436686
53.7595106456138
41.1286774326348
49.2494446185868
51.4912835028666
39.9431253453835
43.7972627543166
45.6400392327546
38.8283914146879
40.0321776134393
50.2512399465644
40.2099845255675
50.8784897518273
31.2912587633543
53.2390294751499
25.4374528720895
56.0049521687886
42.9244531017578
63.7143691372021
66.7377461988454
33.3441183240848
41.9185929083363
33.6210806813845
