64.5210352342110
58.2289672069502
57.0480192772080
63.5266933217623
55.4435474801504
64.5457006062936
60.2708341127987
50.0445139922294
53.6973817685983
68.8279617968330
66.4917688153617
67.0775977676546
56.5882432519339
68.0318284784973
60.2363355258450
65.5256892840223
59.5518717034535
68.4894048538079
51.6675860844932
39.8160720857452
64.0526399844756
64.6407119351977
64.9389953150624
49.7767607577815
67.4050904585294
37.6918412223039
55.7919905977963
62.4441189726164
43.4734834656854
61.9070350549553
59.5256186805638
