59.7219539551334
53.7726812088543
65.5487041779081
67.8808674546485
61.7434059520509
61.5890211792029
58.0405856946070
50.9633166316125
48.2038152011640
69.0014148888474
49.3320320132168
53.2487612854153
62.5416236652121
68.2818874381556
42.5153099901279
60.3975430002664
60.5208188490134
53.2052946708427
52.0037057777814
48.2253034020433
57.9065900547417
58.1199830728985
67.5170557465229
49.9942494271807
66.2165901994338
53.3155518148510
64.7981408185191
67.6919098744322
50.9045888091927
65.8083815895386
62.4897093384342
