68.5501791556840
69.7551760623735
67.0288837991197
60.0685131935228
67.0495461430024
61.7176247255140
68.0099290006946
61.1618125099173
33.8633603870069
61.2371587807426
58.8212736523840
55.2041110045813
54.5230325570245
64.9219358537907
61.6481031777801
65.6011007642256
63.8961785702055
56.9422633186939
64.4148004024997
50.3278128921031
54.9507377588161
63.9518671282475
66.1567482117658
67.3815316397971
69.4447155533294
49.8551078444724
65.4435319026628
65.6988130070143
67.2362842849000
66.5507000398740
66.9726495242115
