43.0364784526167
39.4647854192697
37.6562045715409
68.7984401999929
65.6027160616246
44.9274846469862
39.1769202831801
34.2610170613633
34.7217812415796
33.6855040287471
58.6816396295212
46.4889831556534
46.2200519500241
53.1870434687002
43.4127506268202
63.5592108851960
48.4836412857223
50.6815735917347
34.7098201614764
32.4246116170919
48.3933750153027
32.7475504045838
46.1972199422054
62.7920020433544
60.7007146636553
48.5838406540498
26.5728813640887
44.2751481936631
54.7877031309350
60.9019698786973
35.0214491574684
