65.6430155162810
65.0052643266179
51.3696830878487
47.9641107956498
53.3377539566896
41.8917021312041
48.3706445828359
41.6059785840331
57.7484620020320
61.2262436647879
46.3887256772776
58.5467516018681
32.6640075136648
46.3234960700149
26.5818202780477
61.8848583576512
28.9116621772371
57.3827488595246
25.9758352065940
41.6270985443176
55.4652836894581
43.2115997825051
64.5907699159261
29.8989196899785
58.8802680830263
47.7913767072993
30.6635782577640
37.3392618893551
63.4452431029494
54.2189308090263
46.0356009582061
