62.6299606042815
59.7342066178878
44.3895262448508
60.8810821525918
58.6739777603501
42.9031981569863
30.2074066081702
47.8624557849458
35.5374689333432
35.4485190146467
59.1613386530261
59.0760762391844
36.4804883011664
62.3564408768835
48.0580319672336
32.1589898591156
55.5185432892200
53.3413870366412
36.2061908915975
36.8412561903639
54.3328448572256
33.0051636164713
51.9371878553717
63.0553773771241
58.6607541716760
48.6085285427892
35.0614606452079
62.5590810282751
39.2770464522883
47.9353446169692
65.8895155473742
