58.7449622495064
55.0284155543775
52.3541109656489
46.3408479142739
40.8370209244804
59.1118147086681
54.0781871232571
47.1168767383053
67.9739271092348
50.6968017183820
64.6801561592278
42.5344245332629
63.8872131932620
67.6639479592160
40.0306963288351
59.3157455061723
35.0235557582233
68.3036984917640
61.5212491954054
39.2247538356487
40.9240495606811
63.9848800786211
65.3590255460854
52.0169780075553
37.2830665337422
58.1340710303811
54.0316399101339
69.7909334758057
60.9855117001430
46.3423283070828
50.4418210164496
