56.3288675706744
60.4598495767265
59.8658494188278
52.2217156460120
34.6989917058443
64.4101374046668
42.6370824994857
43.6420988084201
63.9366186621098
63.0837696874937
53.1250668010876
33.8956118591015
58.0875681878940
64.8179046248915
44.6034757937604
53.4237288875989
52.2849772552166
64.1201579119765
53.8822384882666
31.4302374441077
52.1699773604823
65.7232275122051
59.3690679014835
38.7431079420134
25.6238179851050
47.7840248895061
68.3065632625987
65.4882056333988
63.7733599714126
41.7201111122828
33.5646047241107
