51.4215963603924
57.5396565696081
29.2968416825395
62.5595891801236
57.4796495506368
44.5077537118457
29.7047299341973
27.5089706535007
26.4456843207263
50.2754798139669
-7.4190939520302
46.8097282854259
62.3554272042932
48.0681390232050
47.4850848049858
63.3240184422662
39.2923997799786
63.1682562498385
26.5967328647227
35.5402614546000
14.8239235936324
25.8599878421274
49.9695627994063
49.9365709308853
40.1640367988006
31.5858128833954
49.0819341634661
46.9785988890350
58.0100443484954
39.4199752046875
29.3033361857568
