46.6990014390019
47.4507287131315
34.9277963850511
58.7973374808767
58.7314456321014
42.2410654593263
38.3896201588354
32.9482789177018
32.2798450612361
33.4703600683080
63.6442330055064
58.3508795733898
53.8362004922735
59.1672917633742
51.6400937258043
61.9960473097856
46.2858465119977
61.0088077392901
32.4047943232607
35.6879871396385
58.0345172261765
47.3513099024979
53.4682908235145
57.8788170263598
63.7734891929236
39.9550041611220
37.2622011018026
44.3593592477185
62.1357445837251
61.7048377184694
29.6897986860247
