57.0715839828821
61.3645387416288
50.7221724489136
38.5408820089037
29.9106718630107
51.0449288927117
46.5415405787025
53.8921500717086
63.0635398252965
43.3160488368696
59.7513229046458
29.8309650793613
52.8171075612746
67.6847592870703
44.8690955786807
47.6485972668207
46.1373568446868
65.3173404818663
43.4811448915881
51.6248625940991
36.5544664715446
67.6579753855089
57.3861758868006
46.1628565970936
34.2730090865951
34.4401721980903
56.0809312952467
63.2523344929992
60.5070105645967
62.9277650305244
58.8590340177214
