52.6623776585679
42.2236489165863
38.2635199713438
50.9953223485500
51.2601091317088
64.1306505562330
59.3596665567765
40.5124611406614
51.7656163793978
67.6302779284964
66.5148565327101
57.1095448358277
44.1673993364244
57.0046949824233
59.3089304443229
42.7981345070244
57.8808112859832
57.6780975399405
45.4567193538929
33.7414151060555
34.6081290839745
28.0316059757399
39.8150435349723
34.7347658665660
46.2699734818570
25.2076849375923
52.3597665037885
46.6510042207200
63.2433189501464
48.7859683552370
66.6755380296507
