66.7340478204922
69.3402141817993
50.6460002540340
45.1080610792157
66.6207478142145
40.4518406686184
61.4874247267990
44.7176987224606
62.7328164447861
50.7557262709736
58.5343950011923
51.0032587186062
32.8703167223078
49.9934191697005
38.7199039668750
52.3817919505838
57.6763934646648
65.2228283758528
36.2774852430585
37.8856498263287
44.6274817899424
49.8050632686455
48.3710062657634
40.8333561770830
59.1903352046532
40.3793969367496
56.9355609818516
52.7520061439131
51.4878028302981
55.9505528921373
59.9637724947774
