59.5462014551573
45.7679908594460
36.8082621033300
47.4702803242713
55.8913941120475
45.8502484907785
43.2830506931639
39.2440182364253
58.9125859455252
61.1105892294387
58.5533278066309
54.1831129835619
45.4999093987044
45.2149519454669
52.1226152940827
52.1039837895047
43.9365915931153
69.7211955575782
40.6509875763088
29.1897176906488
29.2610350871537
32.4841425026083
44.1762908162385
31.2356849423259
48.0804795930181
23.1318179042113
62.3821761530437
53.7211585864877
37.0637285694075
39.4077563993462
55.6700879932037
