64.1463407485466
68.6091442527463
66.1669020627551
62.4530084125861
63.5034190741427
64.3830284214844
62.7627488330835
67.1536039213843
63.2043674267041
66.5624446958877
62.4924385003380
59.0047542701257
62.5558968890709
64.1673735831913
64.8567642757317
65.1711076344423
67.4507951920629
64.0810152380060
66.6488461462217
63.1855777220947
62.2297593968766
57.1948545252054
63.7181004222286
53.9539977839361
57.1821470440320
63.3589567399690
56.6345123303211
67.0008060741326
60.6326156602163
61.4259062857256
66.6894629520885
