66.1442134164320
64.5750849958568
66.4704398918138
69.4182369998615
68.8062181967780
69.1209998051071
63.8695737290619
69.1253133081155
67.5082983693501
60.6481786222340
62.5978434904926
67.1842413250688
67.9596464500712
67.8023686670295
66.6280265664614
69.0677859297817
66.7903060502253
67.1001367014031
63.9331549619753
67.5769453920760
66.6438603367017
62.6866534266318
63.2161645189447
59.5964491237579
68.7153327167239
63.4858158992712
69.1224075199887
66.8180572709765
67.5441749835540
69.0413693231733
67.6230246796448
