67.5074297964590
65.5897862305706
68.4464598199866
63.2979252744518
63.1787280987243
69.5005076816292
56.9176219708915
65.6101821875652
64.9584557376022
66.7214097143648
64.6875301702229
67.9617484036612
62.6461615489059
68.0344863379538
68.2959650367721
69.3155640464682
62.4111291819464
65.7270612035204
66.0580645118375
68.0261625764759
56.1920939366410
64.0885377732758
67.0356322960818
60.3174822944918
64.5049981259932
68.7743136655980
66.4910571782808
67.3435761656150
67.3799742585695
67.4965544531568
63.1203325372921
