66.0056976962676
65.6083811284157
66.2914167718501
67.1302255477974
64.2978532866677
67.4815308306530
66.0441348478303
62.6297487448592
66.6370844686067
64.1670441766561
65.5187526558232
67.6171671346652
64.5215195149828
64.8588509654105
67.5440700279072
67.0819524142372
66.0436084128129
66.3898346896270
63.7640946574199
66.0369231677790
65.4385328986451
62.8148984997178
61.7794863774609
65.4889318043896
68.3006788678311
66.8366937496820
66.7951346467530
67.6461953355396
62.4215235680631
67.2133930894112
68.6010212486559
