66.8344286000666
68.3133255779836
64.3775852292331
69.7013854464922
65.1579345956300
69.5625371795445
69.4032467457685
68.4173320010580
61.5519217187271
69.0710923622767
66.1716131927941
62.7963341343580
69.0699460015999
68.9464918453128
67.9843027211318
67.8515074715732
68.1497663899636
62.2173205806113
64.5396017545627
67.3386875900361
60.2843688271888
67.7872096081344
65.8270142353840
69.4340164796382
69.6596870556390
68.6770846268474
65.9517225045599
63.9546775979627
68.1223823659280
68.6801723983327
67.1152243044416
