68.5874059779333
67.1077096884616
68.8699355884200
68.9642760543217
67.1918082474613
66.4427814705720
67.5680935820759
64.2223720452034
66.1885104537346
68.2464110951594
69.3569351273967
68.2592749284356
66.9832069988378
67.4761754148576
69.3267647151069
68.9139413956079
69.4993140606896
68.9932469500975
69.2678020860560
68.0519879003594
62.9367276825387
68.0846990086601
67.4902410221930
67.3207232420008
69.4588224284148
66.8395605592595
64.1558291572402
68.9284272492393
65.2260151276016
68.4816794473288
67.5961899875592
