64.7755291100700
65.4235642676968
68.9650561544318
68.6289208956017
67.1996918043864
68.5500940335238
67.2251048715824
61.5130717133505
67.4132067350509
63.1138796308071
67.8714779183903
60.9529529957608
67.6047547172548
65.7568694571758
69.0727027957481
67.3538198932906
69.3970627009436
68.4594544029534
66.8121549449358
65.7700898751622
66.1372486148841
66.5326120284334
63.8688096453695
68.8257435530385
64.8774839065765
64.9584661396744
69.1148704982416
68.1604133915070
65.6651704811966
65.7704098178380
63.0855985035000
