66.6965017857707
64.4999596187023
66.9362111207768
67.8688047217181
67.1024349655450
64.9688309087396
67.8987090018062
67.9729078690946
65.5440945088852
63.0119977775153
65.2508428547822
68.1722391106543
66.1400046510792
65.4608945295629
66.5226809810301
65.6527663799694
60.6308230549024
64.7298495444613
65.8537059605771
64.3065302277800
63.9329349277721
67.5684112267214
64.0277506378411
67.6147125237020
65.6950171035462
68.8430243619713
65.4110532752371
65.4288010092598
64.2967563179424
67.5971638524286
66.2522518411721
