40.4683427764214
45.2957196262152
36.2631664423414
34.3428455240057
39.4066430602962
51.9662565660132
34.9056602754412
35.3685137426723
51.8193817895746
42.6528498484381
44.4575960118580
43.4901266125924
38.2640590887263
42.3579377805383
61.1370958983043
39.4752180972174
34.6684327072729
32.8297508559074
42.2127900277873
22.3993706844922
38.5755094573187
26.2115563366121
28.2931760820066
51.9019914230909
52.4426259029595
45.6264313571926
43.9304806632150
22.4231201850469
36.5416978887270
38.3959041290199
37.1875799509091
