51.3420389786254
41.6020948246507
49.2740277888876
33.3667220063232
35.4790198574793
36.9775557935795
24.0887918499816
46.2600400005941
55.6206830885495
44.4301575655753
45.9718012305954
55.0389009155102
47.8351158428134
32.7850074526744
52.2421934733462
34.4644688872004
36.1614295229862
47.2402963487243
45.6527017823864
28.6108975975753
48.7134541139351
22.7803079648888
38.1945123522475
46.1278184521396
46.5486037055983
40.7608980668324
25.9248483796899
30.1274413306277
35.0234582311218
27.7524424862391
43.0215073868798
