34.6746414673403
44.2497163298467
36.9153198982774
17.8527854143632
33.5191935723368
42.2359179585906
37.7769796525570
40.7959608014078
59.9125880642548
43.5778319290847
34.7274432604066
60.4583637331380
32.9369118404446
38.0000998665089
42.1359587948518
33.2691155301960
45.8176224110162
25.2575391816862
36.7445800147233
38.3574702438874
38.2509084466773
31.1085457862519
38.9113028570956
32.4011643094826
44.8567990284330
49.5156075171264
36.8397658275302
42.7096982777657
26.8355120360816
40.1378667651694
48.7802025424504
