46.8945305420191
51.4058517749943
53.9083361716704
36.7093326251431
39.2645238329023
49.9086998078826
37.6164207655682
32.2911352869132
43.1276990794974
47.2217795406555
53.9633591289520
47.9366059045595
42.5976842479108
44.7524924530088
42.6682695729686
45.1327774966700
47.6509303308441
43.1015724922393
57.1115994593615
44.9308813157820
40.3244663154960
30.4305673080592
29.9576521745948
39.3905525825192
35.4889901788516
47.5620887443538
57.3626247523173
54.0327021318560
49.2120392124553
53.6369611130535
47.1636553858712
