62.6427258861527
38.7655382280752
64.1125711945899
26.3749907585604
38.2435112648714
46.3786464426393
49.4276666238413
55.6804693927014
45.8250257220868
35.8012129846975
60.3939313871432
38.8385977308670
65.2229394970586
48.6760286522087
60.9033759192553
57.3384455132888
60.4583150943383
68.1461840143631
28.1326075707804
36.2468505923847
30.7000618732640
50.0590890171652
58.8624350863419
54.0603581834922
36.7101209780824
29.7902953794565
31.1323781647975
54.0620572868111
32.8688563073327
51.1942634767608
54.5220044064263
