65.7769510055027
52.5903818583050
62.2120754123126
61.5507964516497
61.3469560918266
60.0724442266388
57.8572876252580
64.5402943946035
62.6106601145968
66.1830938939597
68.3502669189284
62.0294431827906
65.6656576656076
61.8961854547104
61.2183305127968
69.8724243896003
60.0265584850052
56.0349017409281
55.7969539210538
34.2163552086144
54.4303469599655
68.7231176738841
51.8354929472906
55.2948126702942
66.9501317615498
55.9805713023087
39.2319407872269
61.5394284703932
63.6582893219723
67.8797355893399
55.5852604044072
