62.5884362505245
53.8309123347228
58.6002616501072
63.2247505297598
47.1387118556143
59.6845652987248
55.3399914733127
67.3342808412978
67.3202205222510
68.3760452431786
67.4584295652276
50.9269685854594
52.7094939473533
65.0795256821963
58.0933495536072
68.4728516625696
66.4697811608876
63.8215798378338
64.6871724478034
37.9397953017575
57.0473161261709
63.2809160046622
64.5145560592655
54.4144069595811
66.5118001542196
62.2760597581064
61.1702836980091
64.7833713451078
58.2512743560623
53.9315884195398
64.2706095011508
