68.2185321291104
58.5451511517730
65.4426644371969
59.3386879915908
66.1065317519259
66.7307460490474
64.9963416778981
64.3632138258983
62.4369289982982
66.0139886477553
66.5518787396218
66.3473896257478
59.0127390224933
58.2145073041605
63.1164895176179
68.1811298367133
62.5335356421484
66.8129976788351
67.4371974115891
64.7247999580318
65.4959861281851
67.9987426162356
60.0701501419596
67.5527345493941
59.1857485559738
67.6598677137768
67.1786291096879
61.5279958959256
59.8288594971208
65.5319699324892
63.6484951988865
