65.9244805739092
56.8379111300885
64.6191147269003
61.5845973212382
65.7965694789483
55.5265740851085
60.2055148418272
66.5673095570940
68.0143024342994
68.6403732218839
66.9018168323603
65.3583334193108
61.3213680431497
68.1825267473337
64.9401769184019
68.4921103622803
68.2529938776707
62.2258777830394
61.0941057106062
56.0671720620597
55.9347693642694
67.8148580123420
62.6705605256113
65.6157618807732
68.7273623322983
64.9022178452270
67.7253578782464
62.7922789446139
67.2055918806115
62.5815059359493
63.3592620900090
