64.3105034656862
54.7225685322557
65.3683576323743
54.1171277693901
63.1493303129164
56.5355746259528
64.7634031368403
65.2833994923439
58.5031748593346
58.8680104760112
65.9472851527513
53.3164121272755
53.8631366165768
66.1967255549999
58.7404184677910
49.4622256824947
62.0685097672975
60.1888955111571
69.3249129873617
55.8098636784826
50.5965175576702
51.6344396256263
48.5186080651401
65.0533984624671
49.0060694214554
65.0864823106842
55.8918525539722
47.6164511086157
52.6321902180081
68.0168411796725
56.2717016508211
