56.0472578985879
34.3747042733978
61.5262809426293
28.0058756152316
48.9000231616619
41.2344579170598
42.6322934089795
19.5135086104813
63.8870346659564
57.5143059223153
52.1912079145081
41.9313797594621
44.2702316821587
41.3084867407577
56.3447356423059
55.4728563115663
69.1241122969896
67.3823696751921
24.7884424286348
30.5867148812718
30.4013887812745
27.3964264617796
50.6260676467526
57.2229672598193
23.1115186596173
22.8249753276797
57.1515130240143
50.5188013446107
31.8808084545020
66.0636076799315
36.7898675069034
