66.6994667330845
68.5683651072915
68.2806749338964
67.1998344273905
67.3954374919354
66.2955472598704
67.9627592505508
66.5978286161765
68.4811099430262
68.9155820021761
68.6944611114779
68.3734336557534
65.0099975049950
68.3696014498630
68.4341410319507
67.0508153620143
68.1147739524829
67.6442121754594
64.9772234776474
67.6863784225947
65.3662731837164
68.3977163845025
67.7433834554574
65.9440266049996
67.9564380985676
68.7764605677859
69.1860284360289
66.7388356894091
69.1577096990784
67.9178430809027
65.7899554467014
