63.0873760903247
68.2554643835266
69.2190221486643
67.2512043487100
67.8368044946429
66.5231719471078
67.7013641624900
66.4607550587076
69.1853460970053
62.3466795195102
66.8871252008817
64.4301008669876
65.0683327294944
68.1715364048295
69.0532792670672
65.3948230704027
66.4113388347953
65.4450788996898
67.6922793962101
63.1587567492683
65.8933066464441
66.2353981864643
67.9826902548162
67.5484029546070
69.1114162881500
67.2510562012956
59.0458921056447
63.1182788129928
66.2729109079325
69.4539335367164
66.3368907177428
