68.0751498431301
68.7056709931830
69.2543946878688
60.8415407505891
67.0129696136401
67.8668089637961
64.4888207911920
67.0922835979332
64.7756545226735
67.6960632690487
65.0382563216117
68.1997160425391
63.9861361756543
67.7232899987845
62.4293667401665
63.3473987450653
61.6594816024498
65.3256460053428
69.0743928991289
67.8849424946727
69.8152534736806
69.4111837099666
68.2604975503472
68.9145484059120
69.3000601729487
64.2279166405433
66.7310758086437
67.6984605907291
64.0947079982518
68.1316730691746
67.2119909404450
