68.8471875789582
63.4919234729050
68.7323692144169
61.9622276641892
61.8560775447270
61.4628667232803
62.5082166141769
69.2582040094442
69.1128210393735
65.5074258032358
68.2513332746016
69.1056201494382
67.8137924130988
64.6568395609643
60.5485380039982
65.3495234873299
69.0183217164696
68.9870352418602
66.6534513851435
62.1563289251236
69.0799581593484
68.9027710606702
64.6602624992947
68.4892687393245
68.8629097968597
67.9275187717831
69.2991300931238
68.9294433670913
64.6002285445886
66.3063656988443
66.6743884467282
