64.1037680923040
67.4807427337617
68.1617525863735
66.3502845318145
65.9191280678418
65.5914443924225
67.1991212295687
67.8320864396224
66.5641885515092
61.6048720609573
68.0449549487599
69.0643743501229
63.5044769308545
66.0463171458419
69.3048783400424
65.6307390522240
68.1166280261556
67.4901929999220
68.6029379236209
66.5446069127455
66.9454270114343
68.2670314965500
68.8366194215316
66.2921107057209
64.3915467146466
68.2548604765853
68.6735373684007
67.2703015730673
60.6405623719429
66.7281871014804
61.8344994453724
