67.8573691565542
64.9911061693881
68.7776329832941
64.4064027969588
67.4868941382711
67.5347557579473
68.4629646944940
66.7438439462932
67.6098186011235
68.7739423552486
68.1215427083272
62.9162026003281
68.5039770163746
67.4570446768029
67.5841492137026
68.1361439141226
66.2258415269485
69.3872303068615
64.8978031256860
64.8566688968391
63.8742700844097
63.3489678551071
63.9305890396957
62.4354554630209
68.5789966606852
67.7962206294811
61.4560989100536
67.3048050426288
54.3500374859187
57.0103918395151
67.1017755379424
