63.9373726991334
67.5261834203347
68.9043815481234
67.8895509599794
69.3710290464313
67.6322059984896
69.2235459491910
66.4690514011546
57.4219890500139
62.7441649949780
68.9573891555877
68.4066087669977
67.5551347711193
67.3408024018676
64.9783810159774
64.6490715547035
66.1341323110607
66.9948298345250
64.3998074612900
67.4916032979861
67.8349265798046
68.0562334114314
64.7453866749461
62.8345162629305
68.5557539710293
64.6896177298625
66.4210006679185
67.8730616327707
61.7250737685282
64.7651733367283
60.2117409646962
