68.6360768060336
68.6178717405584
66.0913336379560
66.4993187523737
61.9343493266666
63.2169370813626
61.4493048115037
67.6755480100029
60.4942540068640
67.4128239962584
64.6565174964640
64.8594610749657
66.5186783314058
68.1222573883241
67.1560089614529
68.2345446587905
67.4806259710871
67.1142290310459
64.9983422670745
67.6712784212014
65.7843174777528
69.1994114141188
59.4274232949316
64.3322390596433
66.4920380036414
67.0336011931081
60.6553445527011
61.4843443557569
68.4447135596568
66.8788025653521
58.7656481925328
