67.2591031406955
68.5073501206913
67.2338544384457
68.1562467246313
61.9930776813349
67.4021875777188
66.5352825695520
65.5411109688319
65.5861059617555
67.1177237016944
69.6599854399153
67.4294383718492
64.4324490909125
65.0596119635102
65.5336546639947
69.0847797786475
68.5561122537267
69.2134256471300
68.7863134898343
69.7488516837834
68.7721495306477
66.9354145938745
63.6982736543422
67.7344962672252
67.6714896862587
61.9693668968458
62.7842126000277
67.3848703386242
60.8667688991557
69.7268583963198
69.5568645301365
