62.2923659763608
68.9924273842823
68.8824322496414
66.3989944758084
68.8022504917528
65.1148559458545
68.4046643398960
61.4470819922933
67.2040698153382
67.4587487407945
69.3984336775723
68.2755225816551
66.8894477880270
64.9776239901899
66.1349013093754
69.3323764504423
65.6623860377029
67.1950489609449
63.1122602646403
68.1770490895404
66.8625517607641
62.1396349486058
63.3293754125174
57.2466161702266
65.6909992786154
68.2779596578567
68.5605277701562
65.7843999186717
67.9511139414048
65.9485375258156
67.3536961809883
