62.7068635381592
66.7503557132370
65.5107406728460
62.7529633445343
68.6049941059022
68.5334057818913
68.2815585113802
66.5517240145992
67.9838151625886
66.0235471891364
69.1954131989705
61.8449711611073
66.0992598338439
68.3422373818883
68.8214990625823
62.4483977755745
69.2352322401319
65.6169368852226
69.6324519647478
67.0124289445934
67.3442942606524
61.2383063281209
65.6968629666536
68.6926101713904
66.1436170313551
68.0480837082799
64.1714478942502
65.1269134262726
67.7932676390433
66.2649750937493
63.6101807763808
