67.4811032301088
68.1612146117513
68.5181973697349
66.1556696361456
64.3183286348017
67.7300817490002
66.6465994397292
69.1500661194808
67.0389850769561
66.3109675384404
65.2014514171828
66.7824708640532
68.7941581920135
63.0055426197085
67.5600951922338
65.4906387923501
68.4635596795810
59.9528939683026
68.6267822721305
61.3000001067143
68.6623145663569
67.1064376243954
69.3475437498058
67.9607721814077
66.0299391178748
67.5610907829982
66.5284795322926
69.4196314478144
65.9143232888497
68.4221485418155
65.7574744295590
