65.7426498945834
64.9278784057830
68.2033724957703
64.7210908896506
66.1176940119753
66.4240656627254
69.3179238158535
61.7386554120996
68.4063026597750
67.8148356725789
69.4743562335946
66.4042126332416
68.1842384728017
64.9504054478171
67.6813779458131
68.6722196082978
62.7225195612805
68.4217877289899
68.2601829752736
68.4108143791035
68.9600417928319
68.2354686705829
65.4253797378941
66.9657959993721
68.9263844633961
66.8243466220701
69.0454736601515
68.4165666855455
67.7467046502667
67.2416214984893
67.7346162380157
