67.1576191530570
64.8882457989226
62.6669276407964
63.5146400276585
64.7071640794326
65.1617917595808
67.6414746848905
66.5985992761502
67.4480470396760
68.4019931753629
67.4243758188305
67.8251125457588
67.4155980500807
67.1849580751776
66.0049542862103
66.1744688994628
66.4905299075376
67.2337428431692
68.2604408322918
67.5620526745612
68.1142454691133
64.3111683760812
66.9191339520362
65.1713403328977
65.6779049500547
69.5226167754892
66.1388346020126
67.2648032967872
66.3361406572305
66.0456884726574
67.7265230592879
