68.9384243999784
62.9843804662967
62.4226715230040
61.8684408009598
69.1838363309124
55.8188241918131
63.1292029441960
69.0782022193420
63.7922719814139
52.8751822284452
62.2178393136667
62.7405645622702
65.8535991337827
68.5426768837632
63.0916462241783
57.7254790710538
53.3310886352717
64.7537086427067
63.6879622774268
66.4113925536282
65.4208415954601
62.2203461745619
68.1616049352827
62.1503417935997
63.0271958252888
61.1490667464482
53.0704143584546
61.8236405413251
61.3011373837572
60.7829743301146
66.9732317123092
