66.8351005201498
68.2453715757746
67.6448796770915
68.9963389163957
69.8550284125534
66.6327970618020
62.2358642502098
68.1073081967904
67.1914799337284
69.1173617658385
66.3065526579320
67.5467759374968
67.9873167341206
67.2330290240600
65.1996223516101
69.2146665916015
64.9517451727568
69.0942198260978
66.5489529476815
67.4633184092402
67.4601423017041
68.3527747056146
69.4576621532880
66.9629236962964
68.8468406731547
68.7067076881390
66.0694775894825
67.1066903918678
66.8622807390900
66.9762558460194
67.3937825430184
