64.4456418347276
65.8216640787915
64.0982235789532
65.7088740547381
61.0529330736462
64.8602602655255
64.1161181761923
66.7789839328242
65.8676194875893
66.6833343258200
63.1525755342026
65.2612733617992
66.6589116020352
62.7220630437431
67.3638084788147
62.0477538686578
66.0695542928948
66.0766969062062
65.3271614494512
64.5777510907958
67.9473598141542
67.3436708362259
65.7370828984100
66.9693309569476
67.3666447702807
65.2219402628383
66.7366720656229
66.1890382786853
65.3378103500285
67.3670743727448
63.3746713656068
