69.1505538344327
69.0219889007650
66.1932164598625
60.3720685500166
68.7925694525432
64.9021411709930
62.2402040890133
67.3528887842294
67.8235359419933
64.1452813799064
64.7462404508703
55.4953356567940
64.2192592987208
68.5861698901283
64.1193765487252
63.0832363179896
66.4040425535710
62.1551194128504
66.5983938924464
61.4156664610235
68.3173196647509
60.6453972636687
61.2078604260522
68.2689814370914
66.6202229925004
65.4364027847835
67.1207143310736
68.9681617568622
67.3301289033230
68.2249852457082
67.6226970895475
