65.7687921187830
64.6640393338064
62.5975591370900
64.5101983081768
62.9548964650309
63.7402524379456
64.4789545009529
64.3051100769593
63.2754915900621
66.7148938185994
66.3661499348233
64.6861455574703
63.8763645106154
65.8236820062907
65.7986375511860
61.6987905599515
64.7804809220960
63.8967525016361
61.8666408400947
65.7548415460138
60.7515749756026
65.2813079980130
63.2913856503164
66.6201387782361
66.1662036281617
64.9927496630261
63.8850926283129
66.4270554278115
60.0172755179629
61.5447475577733
67.1329600412835
