65.7687921187830
66.5131464868237
63.7721145832639
65.8124822268864
63.6217287607251
65.2887830840094
65.4498529242854
64.3051100769593
66.7417402624953
68.0021630183341
66.3661499348233
68.3182691198911
67.6673011872405
67.7000144123696
65.7986375511860
63.3837971329279
66.3916361174679
63.8988413748670
63.5989992777524
67.8367550040586
61.3483087649061
66.2387006390378
64.2954764121505
67.0146190858683
66.1662036281617
65.3213335035170
67.3925741019970
66.4270554278115
60.7744155389838
62.2081101082794
67.1329600412835
