65.4081573167415
63.9185088274563
66.0698082199861
64.5905272461915
63.9243370157918
65.3137778569623
66.1808940152410
64.5801174285917
61.7273486203664
61.2788389487750
65.4243954395839
66.9903385069577
63.2568511077863
66.9812095792199
66.8877472525543
65.2841038487026
59.2129729470021
63.3227426579361
67.4793960263479
67.3583007254339
66.2942877655618
60.6489358986285
62.1237677860344
63.0335110015667
64.2260914500603
68.5826701766373
67.2337911262335
66.8953935697189
63.4447690836441
58.1271124468474
64.8052023806711
