63.5415209122922
65.0351781622173
65.7908965208109
64.0626293539818
61.1233757716566
58.2746290816023
63.0457494509095
62.9199555284678
63.3501831264512
52.0728360267434
67.1389160202685
67.9695508282631
62.9134518421991
65.1899058977398
51.7176170864431
67.1870948190686
65.5941924371680
56.4743456231193
59.9171574843882
64.7157642887576
57.9100717065963
62.8596955346236
62.6802807204831
68.2373049610099
56.1481190831080
65.8765705092582
60.6870652553157
63.6391741533309
52.4400936882920
61.8315807955677
58.8378222577147
