58.3563476208135
67.5416900102073
56.3825650228416
58.4803140807796
44.8819330427984
49.5129443110572
63.2100197034447
61.5580226854385
49.5877225518449
60.3315492833598
61.6596879697820
49.5910631902699
52.1961036975418
58.8710775274793
56.0621501906816
63.7542480741189
60.7712422207425
52.4909740343465
64.5559999535473
64.0746519175737
58.3896637430580
52.7301197480223
60.2729581600906
60.1218662871800
63.3244017965554
49.7458960302422
42.0220467979765
57.5535090997717
53.7358733972037
57.3850212242622
59.8472942576738
