60.0998153802964
68.0070446474088
67.9152163378838
68.1223526071845
65.4409312302275
64.6459169551257
61.9845648298812
53.5640760887765
67.2142927961265
66.9615404377772
66.8701584272618
60.8346958500995
63.1239919896624
64.6865889982326
62.1795932260777
61.7545338374707
65.0664415545365
60.8141246457783
66.0555713548651
65.9473381004756
67.8309893643775
65.5937302003326
61.9466586871861
69.1160781424440
64.4456303706887
66.1679907064963
66.9895128397048
67.7774395761121
62.1131253083589
66.4792798791728
66.4218312387174
