65.8113207936439
64.6755577882153
60.0512090378430
61.5405008564070
62.2315163955118
56.4623970433070
55.4473313503263
66.0579587043651
65.7368991049960
54.7006779117484
65.5977433669800
62.5334506968107
64.6913073577320
56.3501568956428
54.3909161172415
63.9588131443368
62.8509865425695
66.7138303910248
64.9878044726303
67.2981886972224
62.0650568647919
58.1584771698856
60.8381345713816
64.7067693048868
61.8246712947469
52.1198408708482
55.7391397207532
65.4719085606507
67.8402667486429
65.5868968887758
63.4712588263703
