67.9663012596026
68.3569444631781
68.0917926757649
66.5968187683955
69.2117996580303
68.2376112167288
66.4713409830154
68.4282226926817
68.1526992020738
64.7189565638304
66.7612819125566
68.1519235794798
68.1656377312163
67.6502488545212
66.9699042901305
69.4428001955670
62.9638482996972
68.7363192221275
68.9456372390346
63.3321563734145
69.6228656271098
67.5368197763620
68.8227456870788
68.2434619741334
66.1943912331430
67.9459044813478
69.3165744453049
67.6452244212059
67.3190601064188
68.9899209978633
69.2555773401067
