61.1686814232850
68.3189249656181
69.1913330473042
67.0878192400010
66.4570483149670
64.6175407746139
67.5415758811411
66.7684841735484
65.8244130137972
59.9949540042467
68.5841503689192
61.6445566124654
65.8065843342193
67.2638507374290
68.6603572118525
67.0230858970034
68.5502589318297
68.2839782374225
65.2833349267532
68.1103912325570
67.4857540848140
57.6323888116085
67.8565305236415
66.7104270516463
67.5116303318304
68.1066735978501
67.6106870590113
66.4366392483375
68.6052750067915
66.9349596949621
66.7787694321897
