63.9887600840887
60.2181129989994
65.9169020830161
60.8295135758848
60.5005583050066
66.0890691883275
66.1458874213275
62.7177627139074
63.3904433535782
66.5038732581945
62.7649582473427
66.4591756224538
58.1832719164172
64.8226764429215
67.5478275381026
68.6623851110419
64.1456420007758
69.0549526930270
67.0690117594680
66.9877234643638
65.7333716851860
66.3706371697689
65.9796401944489
66.1580459021273
69.0732742552007
65.6852364207629
65.4540756541315
66.5422804194627
64.8663909536801
68.2546193798530
68.4461474248132
