66.9055879113052
67.5948750728378
67.4330721960526
67.2379444595262
64.8901794141915
68.6819310594928
64.4626590463052
63.5042802325666
65.0516936651089
67.2729167633259
65.1100631843582
66.2361945523231
63.9140513259800
68.7081878708467
68.5562350126927
66.7265774133768
67.3260688694830
66.7136674397616
68.8456372925519
67.3201579525827
65.8497525395092
68.5266734945411
66.4897011555332
69.1669775669656
68.5717612391138
64.7310244483109
66.6745862364357
65.4447443217361
65.4913056936563
67.4026931991931
66.2112161440950
