65.9772735173661
67.3603117130368
66.7741422733325
63.3155956604265
65.3261731384793
67.9436828874658
68.0532099532521
68.9546260198622
66.6095025762469
68.0338972277054
66.5428471722319
66.4133488640322
67.9876539792141
66.0873093228721
68.3940492399670
67.9344601103651
69.0600476962574
65.6569089550920
69.3929319024650
69.1223209993395
68.3495876536865
66.6470438572014
66.1983446095359
68.1468783609247
65.2666664938651
65.8797044331518
68.8900552405686
66.5311203863752
68.6777572367484
67.0522710243808
65.3795067360751
