66.8672860076781
64.1266568509071
66.7548882493627
69.1782980933522
68.1446459576946
66.6258817442311
66.9296279819099
67.9581771050965
68.3189301756985
64.5894242128839
65.8915765132121
67.5522279667647
68.4419253467913
68.0090874595750
67.2773047856566
64.4183868880837
68.5139604959055
69.1593898069025
67.4285857111562
68.6349312696069
67.4764252452466
64.0756595871504
66.0298855396254
68.0260413867219
67.2503261938766
68.3894437036555
64.9408774653681
69.6954866734294
67.0278458232932
68.7333796714470
64.0952737343091
