68.3079925068118
67.1946183562672
67.5156955142822
67.4184941552107
67.1975440195295
65.4895119861162
66.9471951509915
68.7841649573718
67.7602326886994
67.1420635988265
68.3832553389777
67.5918875578108
67.0071836905806
67.5266528773100
66.1660035111389
65.7388839551885
65.4566151918473
68.3071340804259
64.1090097694970
67.8368978709976
67.9866407644221
65.3641538642192
67.3160958282626
66.9824383123211
68.3791299714761
66.9531810223476
63.2137158862734
68.7095530126519
65.8084901262543
66.7649318673917
68.4013980698108
