67.1077206637382
68.5244019342667
62.6066702934472
66.0693040146624
67.4544485891008
64.6362398397045
64.7972744088558
69.5100712406393
64.9660185777013
67.6045236590572
68.0320838658822
66.0466585627138
67.9420005051983
65.9195039570935
69.5133301031123
67.1729738855089
67.6931218814832
67.2768580609066
64.8597363641107
64.6767161800606
61.3160312104269
60.8702698839115
67.5433167275627
66.6037154026757
63.5752831388579
68.0319611667199
64.4611563214307
64.4780665405816
65.8759197600389
68.7731102015054
67.5619911625990
