68.0612166105728
66.3943177820913
64.5856642456262
54.3311504830390
64.3247466227819
60.8866532493489
60.3636190323899
63.5604768362457
66.0637474942370
61.6630792353487
60.5445425795725
63.1565506318807
64.9909201803849
61.7071101384644
65.1984410179795
61.8920588178478
62.5609940186566
60.5118553407415
66.7197769148800
64.3160493127010
64.6542549517133
58.6673119696283
66.2167202565532
66.1933483318861
61.4552030330060
63.4896651761370
63.2626156073779
62.5911260782924
60.4193297660759
58.9909821262283
62.1663060241179
