68.1839062559232
56.2530834603964
62.0310206150807
68.7637956198612
62.2424787348072
62.1885754900745
62.9231888938649
65.7964006540078
66.8436179002837
67.8970228280218
64.9768496102886
68.3412975938040
67.1597232545454
66.8460880390664
65.8066638449348
63.5673991247823
65.8867511738724
63.4638720383298
67.2171870747520
66.9026516080736
67.2404801067237
63.2907404948585
68.3528947477834
67.4874555838283
65.3146134475306
63.6042864891309
64.0515629425875
68.7709050225200
64.8609854433984
68.1114094072043
68.3256003988403
