61.1657768983177
66.3211416739250
66.3462508776510
67.1137004698923
64.4278771726080
67.1780162050103
67.7608929634962
65.6092222648642
64.7051722156097
66.3812177912352
63.3859771361689
63.0908314445603
64.0876515764533
66.4102706513681
64.1288327313915
65.7104105882132
64.6749740737280
68.3631693390089
63.3786189006603
65.4375794596490
68.1689796952053
67.1628662987100
65.9530866178188
68.2158828518436
65.8425099594330
67.0039007294741
64.9621076136192
62.8816158056432
62.4340085305740
66.7423404467530
63.4721857271580
