60.7354509226503
61.0751022720015
62.9945421728558
66.5747928638761
66.8281277395883
67.5678535022434
67.7919726784582
65.7393228422067
63.2146106358525
69.0275228461901
68.8155052193967
65.5600178023793
67.8348200681948
67.0669081797098
69.2738326427364
66.7022615604909
65.6612435307946
66.8600430946350
69.0229627601862
64.1553704802456
68.4027544539316
67.2686847592280
66.7247584372963
67.8871040711306
68.7446415566863
69.0930408271554
69.2738857303282
68.4497741718341
66.3966891453725
64.2944594444755
67.6691460435459
