60.2113791206897
66.6366350729029
61.5031601506275
61.0954304181004
66.3044304135330
66.6687561274084
66.7338497317906
65.8556936536263
67.9245298775854
67.1203664967064
65.7233032500922
65.3000549794418
62.8043987852979
66.1850247768381
66.1682535323647
64.7020125471609
62.0392411853519
65.8725565711013
67.4671450301916
66.7805296126673
66.7408502592688
65.0032096815251
67.4631315688137
69.5084450491306
68.7887922259639
64.6696362461777
66.3177214361432
66.6610012308244
62.8690101360655
67.2840973925003
67.0037743963728
