67.3684584667972
68.7535951039796
67.2886539040765
66.7291280504093
67.3224045375038
68.7739543936169
66.2792426508757
67.9455833201244
68.3030364759990
65.7600977951752
65.0926912674248
65.7770889143012
64.9559315619329
66.2339399412389
65.4475309264734
66.6778223377801
69.1182799217810
66.6741451972997
65.8623174837240
67.8969090102092
64.9672597785813
59.1402545838128
65.5676772802628
66.7336499188583
66.2975534821985
68.2129361398462
65.3919626613514
66.4778965275453
60.9431193345255
64.6129818815677
66.5216563510531
