68.8354872208921
67.4585019578089
65.5883577004364
66.3350582509154
63.1003418606415
68.0833869422431
59.2140367847715
67.4887228899739
69.1218120953477
67.4312342346633
65.6695312247494
62.7311373720398
69.2736480982416
66.5452806188885
64.1723951705772
68.8786721898608
63.6859569845044
68.3728029728197
67.7612172356892
67.0902416385670
67.5969263868776
69.1221451610283
67.6422939142866
65.9381622459610
69.2340731825526
68.7984904085378
65.0284405013486
62.2513443072896
66.0495310804311
67.6252232762300
66.5598284756840
