62.4759808627157
64.6146227120472
64.2367950872912
65.8479664376582
65.9939579202837
67.3862017770327
64.6083726270858
64.1691892117145
59.4544747667838
63.5203353449533
65.9396242989603
65.1792196957282
68.4628691066272
65.4407383083083
66.3299755732588
67.6906042541156
67.9385370805067
68.2920563835110
66.8150697958136
66.7173312730316
64.5174042924876
68.1507426842951
64.0441652940318
62.3402176340900
68.3509898971144
62.3868352600940
67.6190902620078
65.2823979956216
58.2681786004580
66.7323237269021
66.1643821510587
