59.6953393788174
65.4339161423005
44.4937548204559
52.1946381825585
52.5427750260487
46.5340621614896
60.2041840965657
64.3997544636271
68.7988624136290
46.5577304486260
58.5742450604163
39.1021353934689
64.5323312792483
65.4635256510661
53.7284729023025
63.6110466705081
58.6715863652073
51.3264861142543
63.7502435590723
67.0946884742161
60.3607669095728
46.9373094335570
54.4999019503677
43.1086514057538
63.2009283602755
62.9545039320867
50.0226938658171
65.1569834731026
66.2166488044824
44.9459611998049
68.8291463022137
