63.4080788660320
67.3471052045068
32.9908053924316
68.9635656493332
57.5649750910571
51.4946154386385
45.1438124647541
67.2314691924047
62.2823583592088
62.6540724984460
68.0131443275812
48.4226990315872
40.7318573301468
63.8323520021771
60.6477496263253
66.1113253611391
57.4207537757650
60.0140528204439
49.7625679618287
65.6183721819669
57.6180376684760
65.8962811181052
57.8916537170170
66.0323690196197
58.7256673266753
45.0219153823835
32.4685961987633
44.4746212167588
43.4966789573427
57.6414229197856
63.9897511226691
