64.1113982351164
65.1183269298394
49.9946243587515
68.8904351571050
56.0358842025279
66.6168423958175
62.6579936839313
69.6700328154998
39.7116012862361
60.9262834354434
63.9483150835201
67.9055919270080
64.4049924807306
63.9896357682741
63.9121879470119
52.2825782459123
51.3203198732923
65.7460290930231
56.4592473214406
44.3012243637291
62.4753778032270
66.3199110077379
56.2476951556328
54.5842078161219
61.6648294273714
51.9322367485958
63.7510582648316
56.3885698433226
69.1160402737123
55.2059906462327
48.1108658827626
