54.0833331820673
60.5885404938288
56.1148289666031
66.0135361842814
59.9585066571230
59.7081999111988
54.3881273313628
53.1083233735872
53.5475858006597
51.8516123353927
60.9525473862675
53.2017631839209
55.4161424902167
62.0844182045648
58.4214908546820
53.3001583136010
49.4360329608236
64.4973295082237
48.1910317139844
60.3024057153407
66.4861778968074
68.0297277054519
54.5483426571414
58.5260510815871
64.2839206459839
60.7853394872734
58.5113795107506
50.6440926594618
32.5513486863874
59.2551475310839
60.5195324197404
