57.7598422369723
54.5932568270761
40.6656634033774
68.9192068190145
52.0917910693850
61.8190109408132
60.6328403270257
63.4721090820643
57.0551982321665
65.0778867548547
60.5664613379754
64.9609460085509
50.7340071334128
65.0168760506319
61.3984037989509
61.8202465924520
50.6014267665718
48.3270142931099
48.0417532757859
63.6131882089974
56.3152240908553
64.5468073487220
47.9341510334140
56.3788307566779
52.3441877976060
47.5852621290367
40.2262028115343
53.1485551265335
44.5554099425780
60.8368017471441
54.3054012811385
