58.2378025778617
55.9708547025555
58.2529543901335
53.2818324734848
54.0118699107613
64.3247757094809
66.8055114288354
69.4216723895504
42.4910440438072
64.8913501352688
67.2965523816242
56.0558899926609
49.1831845348492
60.7347261621734
67.6864815335831
65.0609915098067
64.1628199813818
55.6128896816826
47.4037882534910
60.1356011049853
47.1971191460664
63.8135732406012
58.2226403208434
63.0218230919595
55.5100562345530
44.6860670484242
66.5872596492610
47.2856083844991
52.8801470433585
30.6119019440027
56.2115412003571
