43.1258380381802
64.3413864906616
58.2165257095344
65.2214561975375
54.0903812488060
46.6424900063289
59.1218911131118
64.3151621393413
56.1351094045183
60.5454473741294
57.8895627653140
44.9630355286137
59.6788822836898
60.4041784628919
62.1508144595371
56.7536495592793
50.6273032092220
45.6127796170762
55.0476120267247
68.0534503564326
60.4078882999654
46.0061945161712
57.4331098357254
57.7178139377172
56.7898244043251
58.3703907343371
57.6105592458898
47.6209473939082
57.1611394954618
46.1444431420170
56.0348764175468
