25.8121115816471
55.8790581998254
53.0718978744221
49.7678303733071
48.5736284779393
54.9137221617258
49.3033972670371
54.7453288351946
48.8999021450006
29.6750905105302
24.1584820009868
56.4189777774459
52.1407131616506
55.1829100177760
38.3260350215952
24.3115464556994
45.9321376601616
58.8650465906795
-3.2198550528696
44.4216994560133
49.9281855352323
26.2959509701063
9.8370974336442
54.6943777153276
53.8558474291514
53.2857506503879
56.4192147083385
60.6848960591789
50.3601860002458
42.1077684243394
28.2542346254734
