68.2562189000495
69.2359020920744
67.6042856823483
67.1560329678466
69.4845963189068
67.8352805080084
68.4750464363940
68.9220670995406
69.8003305917179
67.8780619921534
67.5351904143288
68.2998932503691
69.6629717648330
68.6734129028676
69.5793122668686
68.2502787790437
66.1530466168379
66.5895244003858
69.7175403504206
67.9764331871639
68.0914560161192
69.1194302877211
68.1711079274615
69.5028338439149
68.9035666255301
66.9394378503069
66.2662237897329
69.2518929934022
68.0966052816908
67.1810936183010
69.3752141561049
