66.0380026949711
67.7132253769241
68.5153497394357
66.3845649487487
67.0710095476398
64.1229165375898
67.5801180370341
69.1911852493660
67.8701702015007
68.7932353633801
66.7788198762947
68.6286318173565
66.7771317655273
68.1621866445220
65.5800012739815
68.1168043244217
68.3681544745487
68.6910224549307
67.4478203433882
68.9625002042362
68.2568356140055
69.5066879889396
67.0774049175406
69.1604673571762
69.4690795125415
64.1761962162547
67.8442697520024
69.1599891305350
68.4840596855053
69.4042590933132
68.0677367215817
