60.2146102726644
66.8044255728321
66.5364130352958
67.9010576381099
68.3833872182057
66.1098746079497
63.5508176591723
67.8590320610779
66.0308874618065
63.0754261618424
66.4059146725908
68.0594461800879
63.2296388371500
60.6092689713517
63.2300521810023
65.7071478582078
64.6392881160916
65.1927203640732
67.2524919211544
67.7971953070981
68.0578621254204
66.7773194129559
68.5337275511922
66.2837561849671
65.9156321230689
69.0334720689910
65.0326324740916
62.2660500266256
65.4684938700754
66.8433781784632
67.7413340300467
