66.4534884493634
64.5085232333033
67.6315915011565
63.6669860134630
58.4592501154024
62.2955519977065
66.6945340753266
66.1813167298914
69.1432166297502
65.1242685015437
63.1158814894985
65.6987504781416
63.6022621001634
68.6497186429715
68.7642770382477
66.5897373034424
65.6929819068173
68.6793171386441
64.5117768937194
68.0648043144425
66.9530594666753
63.9930198007107
66.6372277048779
68.0422520221680
65.9792271745785
67.6691665463938
67.2425608423841
66.9224729194235
64.7721456927772
66.9564751028771
58.4067286757754
