67.0041276324017
68.2098486951278
68.5223791983945
68.2067822728192
67.7985392416148
67.2447165359337
65.5015965226102
64.0174034020193
68.4694314002372
63.5517561441930
65.5942378092970
62.3169334017258
69.0985882317324
67.7717475553473
66.2912148840499
67.9806739620915
66.0331336162655
65.3995484978954
64.3956747553371
68.6941212306327
67.2826507221998
65.7842598138026
67.0923593522262
64.8176933627100
61.9617978955186
62.2617749405823
62.5123366525074
67.1874081048816
63.2577478499478
66.3823458157083
62.8947495644395
