68.5491494308208
61.9015232661556
66.7586184989956
63.0470790170504
66.9237054033010
65.5677127232048
63.3649355795153
66.6853190936842
60.8280540623493
60.5036143080364
61.3764287247768
66.0025195678049
67.7096342427247
66.6762018147901
66.2536091566254
64.2287522119053
68.9740343906091
66.0624964417153
68.8644638281601
68.5140690042410
67.3349558720239
63.3943764297786
68.0020883577643
66.7266498781771
57.2953225061090
59.7112105264891
60.0235013687948
67.1432510023563
66.9979787151184
63.8582475696588
68.8594212252677
