60.1855061412985
66.7948119253759
64.9252961022772
67.9010239172633
68.3828841069326
66.1090631609663
63.3619572004317
67.8022814248766
66.0014374048091
63.0752656126882
66.4011848391134
68.0366684088781
63.2296388371500
60.6092689713517
63.0572432948665
65.6681343257038
64.6306771208805
65.1914649735686
66.5367821973795
67.7971953070981
68.0578616034235
66.7773092298067
68.1592814473569
66.2789659902539
64.2708902803148
69.0334425745216
64.9451015168568
62.2619392586920
65.4129659137497
66.8433781784632
67.7391542284856
