67.8805471242708
63.8227089071883
61.9861351394399
66.7064503163372
65.3318759286215
64.5991675200607
58.7452967441551
63.8559185772661
66.7832120224494
64.2236616215273
68.5870148841048
64.4731270590588
63.1909096156101
66.7177623359750
64.3705386051302
67.4238305797556
65.0605420512374
66.2469180219620
69.2349176137030
64.1185255467883
69.0333450337850
65.3992619170426
68.4718047124995
60.3553720434300
61.5680712950285
69.8165663706899
65.3665417551805
63.6809465943708
63.7645857475715
66.5970381264675
67.4213928141511
