65.0989763713164
67.6791006939699
66.5735557794045
69.2169217404750
62.8126713135026
65.7028314709717
65.0054702794365
69.5092367605626
65.2673356652344
60.4012849357400
66.8576036217474
65.8585610724835
66.2676009247427
64.7526472803319
67.9705545106205
69.4947367360791
68.8241296165507
63.8207411478855
67.0547129361695
65.7214538440922
64.6696076544147
64.6463579804845
61.8740786350618
66.0358316604070
65.6172999238214
64.4991131558318
63.8297027025412
61.6874741613232
66.6571270870381
63.8406021756850
66.5173458435606
