64.6643576614053
63.9603906679194
64.2569617662067
65.9685766469184
68.8059560994298
64.5178980190436
68.8741481049987
62.6462892460725
65.3438584228746
64.4572088940230
61.6334391759501
65.1985859621575
66.8312176490349
64.0857595487771
62.3546824178792
62.0468507285076
64.1254554360687
61.3534760123531
64.0891567758630
65.1468943998305
64.7636330594477
67.3711538667249
64.9443358442286
68.8776472003225
67.6546792698669
68.6879684363382
61.2321240276184
65.9525124054706
59.9151849930619
59.9944082483831
67.4523804718140
