67.6125220445314
64.3168392457205
66.8944646104133
63.1768304050585
65.8162227693131
66.4727041187359
66.3439193212845
67.2305925741238
67.2259193346535
67.7023625827095
66.9267349523292
62.1735567807956
63.6406060902644
69.1386283504893
64.2652995737909
63.2693066231184
68.5293633311222
66.6200087988925
66.1677050775134
69.6060092105640
66.2516493794259
66.8637127034796
66.6769481287754
64.6830786143362
62.5841996141312
61.3121435874629
66.8583751921804
68.5594769110295
67.7619323064050
66.5873796802141
68.4340410209315
