65.6002163570328
66.4016845288854
61.0785665597145
64.7683046561010
64.3341114728674
62.8273609546294
66.7443173494825
66.4458273038661
67.1421404814183
59.4446110643153
68.8323474345240
66.9284399001485
67.0152823784849
69.2171376196704
62.2841450251526
69.5237606685435
65.7931400394518
67.3397918738488
66.3131703461641
65.0328842462831
67.6207208602628
64.7548207406831
67.3398977237683
67.5088462937660
68.3010446425452
68.0454444096089
67.9135728666292
65.3956629424366
66.0401077358560
64.6057590709655
62.1860469357993
