67.5403364187823
67.6578480814779
58.2938057884691
55.5572248047993
64.2978386023687
61.3467426258559
67.5228519134397
63.7247539851365
64.0823573298926
65.9933173173321
61.5915169890494
66.6358974782546
67.8505057855433
58.8196634491006
65.7445630893170
64.8903668015174
64.5986882310761
59.3933771234560
66.9041657657724
64.3982387810762
65.7880396309243
61.8999854356142
61.5257982664124
64.5541057006753
63.0480086813082
53.2786614521345
66.0294925588745
65.5635745995436
63.6209710999431
66.9739657393237
61.3134520956964
