62.5929115518008
59.3129040005535
65.7667069780594
66.5567566808401
64.4157449923139
65.0171132651668
66.5326093154090
63.3768244246332
67.1997705464983
66.7904970797713
65.4616616318174
60.3296403107967
61.9205801357472
66.3165974634583
63.9170630485516
63.9158125741119
68.1328787886004
69.2464570245130
65.1149008592566
68.4291288697339
57.8827676306847
67.3284514359114
64.5744817159161
55.9434697614593
66.9633453833430
68.2307729775975
65.3988809407655
68.1124005621229
64.5069183320756
67.2892602416704
64.5054918307157
