64.9118776107468
63.4878367914525
65.7335219790648
66.5614747519914
65.5957088266909
62.0174926867573
65.3443353896565
58.6333083223680
60.1057824366076
67.9324513983938
67.6832880765257
62.3192755925219
62.1906521704422
64.6317581961495
60.2056104636759
66.4016793977233
61.2258145537081
66.4558402422208
67.2372048413723
66.2455693440406
64.6916589358764
63.7937017885051
65.9535379384092
69.4550930961505
60.5080046732814
66.4800267000406
58.8154654713904
66.2015373609932
66.8946388860936
67.7342121831205
68.6332637006623
