62.4780945671949
66.1473229707569
34.9995182735589
56.5517212504018
27.2744520976843
38.8341811142492
40.2446540558728
68.4313565186215
-21.3453569949133
50.0935121773166
47.3954189371777
66.8144320005261
46.2075277826840
46.9693920886690
-38.3916856026195
60.1448682408128
-18.0869141054415
58.1329864033897
58.0599201172835
50.6681974624243
33.0643109666984
48.6386924798446
43.3719155313475
61.8441840776384
33.1779105334706
61.8707882476934
59.5071084550332
-9.5356886311392
3.5295392177708
56.0513337205726
28.7125288004587
