69.1336846679757
68.7092080055633
66.2763132015083
69.7611911941581
65.6667837903836
62.7924389156149
67.9378780375927
59.7965682451070
69.1822090163332
69.3100973593070
67.2996981863950
66.5095108101057
67.9387486947324
66.8661015826848
68.4597989404189
69.1338399491292
69.7041177749470
68.0425872572562
65.3798934513515
63.7764495831570
67.8228789782917
68.2918138652195
66.9566774963521
65.7323029299255
66.8625221888281
67.8986643901777
69.0501138637875
67.3710731425315
63.4303396450446
67.6286366812105
69.5080990050035
