66.9115197224117
61.7625163954667
66.0455785119267
67.2225759062190
69.0608703140878
64.3763076811085
66.6538891355419
69.1608976478295
67.6197066386933
68.4119162285226
69.5820918789690
68.7204238789266
62.7070429498027
66.6504716056723
67.4800285333760
63.6744904057863
61.0283099835316
67.6014181797113
69.0679922866248
68.9438276483643
67.4149288515602
68.2102711816566
65.8494761865978
65.5685288358577
68.1076305824558
69.1524543906961
64.6529242470729
58.4807725761083
68.9261476467018
66.9627464576509
66.9994392987548
