69.6542713938600
68.0875904757335
65.0539644392131
64.4176523563938
65.2036379954208
69.0300073627927
65.0994248929737
68.8464521479349
68.6247339171824
69.0735358480822
63.7323887603017
62.6251514323775
60.7449316912279
67.3964936205495
69.6173623114692
67.0686240222766
65.4105102659571
64.7978429038577
63.7131863985444
66.3643355553421
69.7297877714802
66.7367821350032
66.8109866527161
64.7068736676475
61.9128311118130
68.4638566609666
66.8255674108389
67.9051908543643
67.1740435747220
68.6764487007625
68.5361846612329
