65.2770326802450
66.9634289136998
65.4371922016150
66.0407478776527
69.0361798856382
67.3986952610704
68.5416678074997
67.5979185968051
67.1452595624350
67.7261131704489
67.8589422676845
69.6624426269800
68.6148179001550
64.3971897452002
68.6238820549720
68.4200132507209
69.0090166711966
69.3479844875365
69.0963982479170
65.7775954662931
69.2031737227432
68.8312461813531
63.6469192040426
66.9743962379091
69.6510539003104
67.2189536401027
68.4719713491305
68.3259360266711
64.9663103382901
67.5214286018355
66.6557088996989
