69.2199839448463
65.5146706637854
68.7488328061766
66.0240688216799
67.6556965656318
65.0942277203899
66.4128160616550
65.8433653733308
66.5206166373304
69.8963449753799
66.4128641102528
67.8713172064846
65.8047139907783
68.1360344954060
67.9315491811502
69.0708779289014
68.7061751709424
67.7760555383087
66.8340824363089
67.5040289414480
65.5999760736789
67.5352995922222
66.7539408757284
67.0817389230866
68.5723336537685
69.3811753512656
65.2656799419299
69.4634830450606
65.3867895247921
62.5164422440713
68.8709130036805
