65.8686342713730
67.5382933295160
68.1802110630005
63.2850144981851
66.0969322510965
68.8976971955073
62.7012044993048
66.7568266165592
61.9321447656278
68.9699279948511
68.1202961177482
64.8891573592035
69.1282432073808
68.0197190192554
66.6674529698778
65.4588173027884
66.1856703794334
68.0937610557095
67.5535416617227
66.2307884530944
67.4591573733682
65.0902204685443
68.0303614364029
66.5540574578887
69.4547873766202
69.8610633821173
68.5317411130530
66.5774156593567
68.2267559171947
69.0195716788874
68.2782178557451
