-7.7658906998060
35.5802912579753
32.8132697146290
44.0616192136296
31.6972749670454
59.1105601118384
48.4928936551159
44.9778011640242
31.4298523925843
31.4185607554433
32.6965792456392
48.6734915118225
43.3405383765379
-17.7250106646823
-44.8729185684226
35.0958711452216
44.8722038129108
61.1353760814924
62.6824134951046
39.8780245720115
66.2741306665226
43.2459867783889
41.4598844767557
61.1109037082242
16.8705160401134
61.0248080829312
32.2744961847518
63.9759792048943
30.3893828217002
39.0830645416025
47.2391773793634
