66.6719835631195
67.0495860766227
66.6849270467983
62.5112999491667
63.5453055215491
64.7941187650717
67.2140676912044
67.6951086378146
66.6572254064980
66.3197004271760
68.1668532126102
65.9033273752236
65.6695831162262
65.7055874023529
66.3578566099174
66.9074233789257
67.8334129076206
68.7092935389865
66.1098319407752
65.3510649492027
67.3427764749821
63.2118324839735
68.0513693289332
65.2938421016974
67.3259715384715
66.6855141440883
64.3299652630911
66.1351584978834
67.1700050359142
65.5303736230327
67.8730556776151
