66.4407728921680
68.6196840758891
59.8441843910784
67.9143583577374
67.6880807667006
66.9788457014856
68.3989839908118
63.2082975859093
68.6079558135867
68.1396037128007
64.4324458606198
67.6981744186347
66.4427153852890
64.5641043934736
68.4771280295755
65.9977133720502
68.2290139638413
68.6003172883334
67.4097504192520
66.2149139651319
68.5135802805829
67.9822039502723
64.5892674563517
66.5700728414680
64.8974072090311
67.7973570167080
67.3554368539456
68.1030674234973
68.3648480011688
67.7832016275298
67.6696189248968
