67.4207185135928
65.8190691548965
65.5401699533533
64.7624766644725
60.6901975859112
64.2525865213831
67.1930536772536
64.7686600369479
67.3120947171286
69.2364408181292
66.6265348873608
67.0685412706874
65.3732848110777
67.9189179082938
67.1138991891540
67.4188714743788
68.4628670926912
68.1294782966013
67.0682661208702
67.2803783316517
65.5464971469774
66.3100265393422
66.2175349539868
64.7429142036002
67.9339676449898
67.5430277077802
64.4214832236931
69.3564946346096
65.3626417345590
62.8526640124211
68.5831730063599
