67.4646486169146
68.2874896819852
66.2900765214950
68.6694972368149
68.3940148616413
62.6043630489367
68.8826630383207
67.4538332678860
68.3721552366474
67.4520685127194
69.4552757795504
64.1400130835937
66.9358093406983
67.4456535176642
69.5727708906415
66.9938162381367
66.4510391977621
69.4403098239945
68.2125450611409
64.0823501691640
63.2198173160762
65.1461043856515
62.4350210338886
67.9245828039627
67.3593325723406
69.2329374655292
64.9412165632636
68.5514460515226
67.8367064819775
68.6023573742584
68.5249607923570
