65.6802018345350
63.1825322260559
67.0489250463207
65.2960450750612
67.8907350242470
66.2581751155011
67.7126930461395
65.9631869376691
68.4679664996891
66.8977175270084
69.0965878491088
65.1415461234264
65.7673807509550
67.3218910973742
64.7527129657864
65.2517710946924
66.2004864240414
68.5594144688449
65.7059060060449
66.6467915909956
65.6969970928397
66.2424253450093
63.8390462999375
63.3496408251383
66.3851230679290
64.5753490645256
65.9428473518801
66.7599463565200
64.8259171881361
65.6972294112133
51.6165418492930
