68.0316090033381
67.7053481823849
67.0796562231127
67.0149018074894
68.1163160062975
65.1136189852398
66.3094258100733
64.9847528034138
66.0079630057297
64.8962166572635
59.5604146647399
68.2706757614872
67.4519208043060
68.7076626013460
66.3195666217734
65.2116023996170
67.0653217235032
62.5755568910254
67.8175556152298
68.8194015245086
68.9200532906241
69.4311943342010
69.1252720210450
68.5912429404242
66.8357680217227
65.2764050304787
66.8462083685599
68.0702088595134
68.4027503999530
69.3012968540612
69.4870156385274
