69.4431342351905
67.1515791226275
69.0257808763204
59.4657673096617
64.2677349888077
67.6451503475161
62.1775520063965
68.6472672806698
67.4973531086333
68.7897137902380
66.5923374280686
64.1675147397241
66.7200342392614
68.8798338176785
69.3557620011810
66.7140733611712
65.2188676204890
68.6419086050810
69.6330723274752
67.0555058026395
69.2161287905474
69.2460211935282
66.6290283220783
66.4441555110434
68.3412904345592
66.3721104710259
65.2099325030798
69.1051410671131
66.9547052104996
68.5539288770662
68.2403630010249
