67.6643424853660
67.6618300182563
67.8232115620406
66.7674732284934
67.9911260318646
67.3554931063479
68.4044180502617
64.4825338883447
69.5635425960504
68.6786028417732
64.8797938325811
68.3501214525310
64.5200992226788
68.5810296427360
67.4290223636926
67.2517355119118
67.6209539636197
68.9982184000339
64.2408183054072
68.1694716768884
63.6041393285109
68.8849893327615
66.7455462630591
67.1556764310265
64.5647660537641
69.1978929894361
67.6072027115661
64.4856266668097
65.3454412224338
69.5581868088245
65.1831384057220
