62.5140627853120
68.5884422653786
56.6070632514048
60.5390658098104
67.6619045341275
64.8350249749412
64.0804586188747
68.3960097867691
67.9590888393636
62.1122681602752
68.2650755897599
54.1694063317758
59.3402570387023
68.6777399519660
65.1527692207950
64.0952354148621
67.1781302468047
56.4642543173617
67.8127484151454
64.9304589022303
62.4718377520187
66.3710556776165
64.3835716114130
65.9750704912002
58.1454199314573
63.1632511267298
64.1059317765873
64.8427219335696
68.3690099509330
63.2074278859778
67.6202908454408
