63.2092638017245
32.6979103330487
33.0497336786854
59.5507580879829
43.0704299561225
24.5272275255775
58.0383706591577
27.2006995406751
35.6439818451642
65.7205087736754
51.7962058656320
61.3282172579870
46.6082318119465
48.9829319539065
51.8106841193465
65.2246117602819
33.0550540335653
48.7716386836209
30.2180817258798
32.0969417735621
29.8747411044916
23.4336774692849
52.3432401837071
21.4251823324717
47.6602104285402
49.7502354969603
48.6990324264847
39.6259527190899
47.3883318081330
27.5849683714928
62.5215088272467
