68.4543302780808
64.3703253687421
68.6141840698192
65.6994057373764
68.7933763725496
68.8925854132177
65.0492563976294
67.6640151760410
60.8828804274582
69.0293912646714
67.4163331740249
68.4285495424955
64.2630750346180
68.5372290228720
66.0395364255840
66.5646279168575
69.5015546900543
65.7454128145535
63.3072619637856
67.6937671206717
67.9017109871685
62.0075031041324
69.1859257280149
67.5762748394403
68.1746730783473
67.5142336861100
65.4339235160620
67.6381837072998
68.2226711868725
68.2775203070496
66.1852704004568
