67.6790937795784
65.5602080152802
65.8086565608621
65.6004305309860
68.9024908105078
68.6861558792637
68.1196710306088
66.9405093242644
65.0723437606218
66.1806113832801
68.7943016841665
66.2603210221047
66.1711406381349
66.4952565216362
68.9350637456764
68.5671745951580
68.9077333146249
66.9648095119612
66.7177061490924
62.4874551647959
66.6274101341962
65.5857889598433
66.6273670913454
67.5484175894109
68.6499560985056
67.6894570286721
67.9592193394115
66.9658659657483
68.7538723446140
66.1827875838905
67.6573017957336
