66.6033577042473
68.7953078682462
65.5534246274374
68.4349218278192
63.9211667650570
67.3469693453570
64.5660145502006
64.1828357736108
67.9641854463932
68.8009430960776
65.9897238014062
66.2399665681545
65.8325887861866
66.9914022382044
65.7769366712361
68.1224702609351
68.2731757289389
63.7402214693536
65.9184985352722
64.0073870081114
66.9549224593283
68.5825982501960
67.6319574104844
68.7990731376126
65.3964382650522
68.1594208542880
60.1874777718174
66.4620485728366
67.3782334557972
67.8578173679634
64.7279237897797
