66.2909791860399
69.3498402373235
66.0541447766839
64.1959184823017
67.3658263551784
67.3395867320768
69.0084486573124
64.8726715510219
68.4348002468301
68.3833612065648
68.0067048499148
64.6645154445456
68.7205530341516
65.2461365963681
66.1844099001285
64.5645966064858
67.7500745356385
67.6600402070548
66.7586077139556
67.6646665315755
68.1297188950322
68.2282233978103
65.9927890942068
67.9836966008326
65.5738527499812
68.7079276272797
66.5118818607923
66.2343922306773
69.1749773584263
68.5562713938512
68.9812716824158
