68.1307313490301
69.0784856183279
67.3160518878134
67.6354063966748
66.4247485264825
67.5308635798498
65.6324511201060
67.0359439728022
60.3541963041448
65.1810270491099
65.6269418919719
66.2586947561878
67.5102140555474
66.9202888668447
60.8503765847623
67.8909651251478
68.0215931771293
64.8596954702862
66.6847794167361
66.7851603767630
66.5321060759981
66.6194037638656
68.6365263114487
67.4398065828185
65.4828430356134
68.5412963086517
66.1095362381637
67.2188558304680
67.0677256704322
65.5853135823149
65.6070587510283
