64.6455761733324
64.8127452914326
67.9747549687640
64.6001258963201
61.9632630514643
63.8564408837664
63.8943426318685
63.8436301687878
65.2486228611091
66.0037848417890
67.9419892758067
62.3067704998394
60.9554123026671
67.4027333322639
66.6868633014774
67.2167628029164
67.4683965593283
67.7977921409752
64.7900007571613
61.5352701891073
67.7947852376931
62.4115554202728
68.3829069893498
65.9400976427329
66.6583822727147
66.5909820917415
66.6230096731754
67.1037521177537
67.4608307467800
63.1563565444472
67.7439072032745
