66.2220316217981
65.7480625323300
64.9653868941583
67.1596005598890
62.9067179494601
63.8345763745520
69.4361446578995
64.4558912888687
67.7741062137821
66.2716636961510
64.5322243564350
66.7862237053983
67.7186978252985
69.1145281263650
66.4590810290424
66.2761446746466
68.7569364400985
65.7184289494761
67.8510621741743
63.3975240025869
66.8435705137622
68.8759746180651
68.7649516499759
56.2115750887329
65.6843358825662
66.8069122920813
67.4986098709391
67.3627653210251
64.4937714990701
62.9454258262437
68.8003030268490
