62.3745200934296
63.3364698685385
64.2150176288407
67.4268525112565
68.0057032028536
63.4780155642923
65.4532137017651
65.2438160552754
66.6249204414439
68.6653862446860
68.8762174413432
62.4552265168920
69.2648167814927
64.4049734855660
68.1762385940198
69.3936236510493
68.1864711601292
66.8379100939328
66.2529551323384
63.1255493027520
69.3808137983198
68.0336571085347
66.4389121910431
63.7286835597981
68.9076669190102
64.1930406511837
67.3007012435802
66.7906130183628
69.6516955675805
65.3240222809440
65.8766807572394
