65.9328125679296
64.6397681959542
63.2332385053168
61.9021383989723
63.9964771190805
66.8915284611920
63.6558849429372
68.2551353195858
66.2218910097502
66.6333841117566
67.3112057841588
67.0971284578275
66.5956393431887
66.0843953732879
64.9615003428892
66.1771419154483
68.1735257244926
68.7985670633842
64.6973368625305
67.3598745805346
64.5945278138990
66.7579152978292
66.5199648323468
64.9898912733301
67.7158858480210
65.5351638308648
67.9788556874760
67.3772814371597
66.7237113384684
67.7541778561117
67.9410917036456
