67.6691642382652
63.9968777623758
68.1861141822202
65.9708128461548
61.2982364184167
65.0570533250821
68.2781657940161
65.6855458905575
66.7707233959195
68.8051868569349
68.8885654487722
67.6732243754372
65.3108496357628
69.1029860518188
68.2222871590771
68.9721267755781
68.2748704439145
66.8958405899685
69.5090637932131
65.3681027498125
67.6244731239731
67.6651979214040
66.6793231806320
69.5162146787466
68.3577049502445
68.9335201378566
66.9112073152420
68.3875638959348
69.5390422635295
67.7168748111421
69.6423826161303
