68.8116588757490
63.0333033092557
69.2859745675446
63.4786523261173
69.7078627458779
64.0626374554857
68.0735132376239
66.1299241111446
66.9141423528325
68.7096106945430
66.9200416151236
69.6775370667136
67.9924292368306
69.4911484480570
69.2381814617795
68.1994546006498
62.8974234296077
68.9983608919520
67.5760266244861
65.5015259265236
67.5815119005440
66.2973544917763
64.6952338734414
64.7718936683190
68.7584666646183
66.7499893259648
68.7465042214232
67.3340744575670
68.0582783639818
66.3709984181309
69.0372430246606
