68.6170925891364
57.6859555720729
49.2148940580124
68.9019146917069
47.1602250747138
38.1233025748809
61.0926145141806
67.6301147761513
44.8814564390625
68.6979585864592
69.1319226019058
50.2440000768288
67.3111083564630
49.8249354003796
66.8430299157650
58.8424840668171
69.4225713686236
62.1905668451088
63.8121983286364
67.6084261869743
62.4687187142943
60.7754624470594
64.9065833074465
59.3321626958232
68.5906572245598
68.8920390063042
68.7919704207103
62.6515059568858
63.2881819475204
62.3366683048432
48.6203216033868
