57.3922566848321
59.2741903090954
66.0110379716268
55.6487796696768
50.2326730696798
50.9131846663441
57.2397475580866
53.5940503410180
66.5767292117505
63.3521499629375
36.9074881160048
65.6049390307993
57.5680665016926
50.6586274546669
54.4280040474220
57.0615796507939
68.1018618415479
59.2490233111693
52.2832832737073
56.3599828072615
66.2265943072317
62.0379912014480
69.2819213834909
56.1093301245674
59.7841796207707
58.0507187210967
59.8224480482348
66.0085877210427
69.2669704391805
50.8050509108087
59.7872917623171
