51.9075204627443
63.8404224302824
69.4027745565859
64.4493418782114
60.5722324788375
35.0702034693381
55.3885709127349
54.2857419912447
54.9491725588348
57.1583491370069
47.9935705198030
42.7618093290652
52.3498816147600
37.4191869481055
48.3933538335887
54.7482302410381
58.8280593948915
58.8510714670814
42.0904333507645
64.4173767896636
49.2873036302424
53.2809336257359
53.8631401598787
65.2756222056890
43.3069674755804
64.9357579134210
63.0523838383183
61.5963069965080
56.9329638257171
61.3195134531585
57.3960656433470
