53.7103878570915
60.9139521382218
68.1211056229188
44.9798246847973
65.5678422742556
38.7259216268965
51.4910278879012
46.9468423337288
47.6647640178192
55.0922141243853
52.0038668601608
43.6443223181324
58.9151908011238
32.3415511467149
40.8600625870932
52.8549107079417
50.9976889263551
58.4315328998648
40.4877599566314
53.2357287571587
53.2905796938595
54.5989017954655
56.0587495289599
59.9357849436848
50.1176383672809
60.6579429590678
56.9098235400720
51.3771394848975
56.5070339182203
69.5754447480724
64.1229775347780
