66.2628641921978
52.4763092013249
65.0333045550844
69.7964661079917
56.1915280788523
53.1294400662664
60.9274754424580
64.5688253541304
64.0093705246022
55.8009483184187
59.0034975901414
57.8273898443104
37.2572805859391
46.6697695203855
45.7959191170130
62.3840462963459
67.0764173144971
65.0198507972896
65.4944377187506
60.4740712163392
47.2648580411564
48.3991135373612
47.8192785501896
53.1976035201285
58.3524356118005
49.6026807601768
58.6692207519290
47.5458959222661
48.0187945995511
54.0763634456771
38.7057764993427
