58.1538326468480
57.0762484437662
65.3575301566277
32.3435313931575
33.3969420175721
43.7437735117544
43.5827044475526
49.8978155921124
46.6637762970062
47.2629528995196
32.7804002196731
49.4190960116078
24.7949298478734
50.0388022192347
32.9859255839999
26.5664675130491
38.3984379368757
50.0190060983642
56.6497425293762
36.2995173725365
43.0294769617891
55.2890430925120
53.8086212617166
49.3468749898931
60.7460288743828
44.0449936268156
49.8212591338655
58.4333765886086
42.7616548708586
54.0371500330446
48.6990930419855
