62.5645207581991
31.4934414472551
51.1192674893562
50.8161606581376
33.0917227151195
51.7359269078763
52.1019267676575
38.9432620704136
54.0381125147508
45.1641274442749
36.6193230676027
57.8240473932051
37.3674672471315
49.3705208699909
40.0821759640644
40.9098697813018
36.0095348209495
41.9740074398995
49.6718922292792
39.9205713643146
36.1460527296492
34.3183813641096
58.3084511882596
45.4737966975878
42.9553938267738
41.0573670692294
56.0957178991158
57.9038889746852
39.1560492035795
62.7045629825023
60.6840520305579
