57.2592299886032
36.8012592682747
57.9823086672104
53.1385058195797
30.1164515691074
52.9833140415849
53.4583883927767
44.5497117363968
36.8584360853481
55.2725476923118
40.9693027522969
51.8864801686573
23.0637031589436
50.6004205587234
38.8380764529110
49.5089150884011
33.3636804650424
38.7300753341728
55.4974370750599
49.7359276212514
32.1006730348019
48.3423030080263
67.5943437342083
45.7254372668959
44.1421083800523
39.0553749726184
50.1970905117755
49.5216103394376
50.6044826480179
55.9870325134992
65.1516526445500
