42.8628068193213
51.3649920959200
55.1023376911607
46.0191547267813
37.4544973284906
54.1805877997432
46.3296130111967
47.1347861929252
59.1469381309430
49.6271204997498
56.0579447523139
52.5996000878168
53.9645276291716
40.8504157373805
52.1025046686848
53.4615977190647
61.4443737472058
47.4951957215375
44.0889067542029
55.6469229037268
45.8163602980345
51.7799676914372
57.6029722969259
48.3938796331133
51.5047746815643
39.5922516798718
53.3830376218176
53.9167253278097
48.0093702625857
59.6052832286380
64.9715580600831
