62.7012434872627
62.1614108529643
64.9099199435765
69.0348980069505
63.4795019051971
60.2827447023271
64.2187256475656
60.5323964761476
45.6195371171355
68.8840499700824
56.4907769232776
64.6190023263662
55.8317941463838
39.8076335181407
56.4406111288010
62.0530950831506
57.9995586829899
66.5368378778951
67.7811844369194
61.5728104063045
66.3044318460968
56.7962305092417
66.0584700402818
67.3700089574982
60.8934087986305
55.5736896244777
67.3751172754967
69.3117090157729
37.6227178485030
61.4185822776544
56.5474662996860
