65.7539639830621
51.4667495274850
59.9899627500311
66.3197961173019
67.8077142643480
35.1785205726414
63.9143277014060
64.5879261969918
38.6835183273612
66.5838826902943
49.0966781457586
59.9796485841434
54.6718827180677
36.3723624812582
47.8521964417794
56.4929811903458
63.7740908178005
64.0469821617364
63.9508921562862
54.7620632975639
59.7813702213760
52.5786875430114
60.5827677724263
61.8396219669324
66.1919239876475
61.1856736895865
64.1956960906002
66.7466122498500
36.8370099267020
54.2433961107415
56.2783865328938
