58.6918585385544
47.3118494448463
64.4018605982221
59.4050097274261
42.3928180154592
34.7793301748412
68.8452434985163
63.5267566760665
67.1202214356845
66.7769787456289
48.4087215394887
53.5772885373551
67.9618942416654
67.0651009827506
64.0521900671717
65.8889229636714
68.7122342714600
62.2266093096815
58.4393763380492
67.2650471758961
55.2875139053215
68.2250373376711
64.5275365131272
46.5317191549491
54.7496324572131
66.3977462485644
67.8126190388337
63.0802977836835
68.5075715750235
60.4631125354477
43.1053917371358
