66.5627596215195
68.6057738283817
64.8088866143838
63.2402080077717
59.5941655427989
41.3231902647926
54.4619325501169
55.6744661484005
61.6088424726051
59.4066131928775
36.5138762655634
52.7018210623614
45.4847971110477
54.1250859061556
49.3829149232160
67.5955436124975
65.4197655975791
67.8764864274160
49.7537782263047
63.7009170912737
39.1023763228979
43.1361556211731
52.7415705474143
59.5490072761773
62.5718249192727
48.6384930163389
57.9026794271481
49.9017735356290
49.7375277206492
52.2681779984776
41.2584922623058
