59.9763662765921
64.4695498864345
47.3646778481735
64.7578281005261
67.0546849793180
48.5133740216994
57.1726054093687
66.3656180379116
69.2824525358434
51.9109141348139
62.0829900301112
60.7336960613587
34.3581126908484
66.4092685531634
47.1855505906553
61.3671126203909
29.9508528922176
63.8066177060159
69.8286036543028
29.6574126807759
50.1884632257535
56.1855109826160
54.8282346268299
59.5697232571105
54.0777441565483
33.5110114157637
68.2144509683036
59.1572365209398
57.3024107968435
61.1258010838031
65.3052886812405
