57.2633400339600
52.7455767438309
53.7073631176548
43.2479280611042
37.1990328843229
59.5926541876933
50.4309992859483
61.5726448684950
29.0750178381051
46.1710729642417
55.2252717517837
69.7828638849570
39.0181274081199
42.6698997162306
41.6921749951509
66.3778531705509
39.5630756088211
54.3571472426700
65.1080453116633
44.5801233089129
64.2044062714708
42.9561709395494
55.7161556405300
29.4827258426016
61.5054217176015
39.1841461071770
34.7527409128300
63.6410728299910
29.1382586569618
62.7049380180200
39.9078336654338
