51.4338633149494
59.4798347925267
65.1613858220539
63.4919173571876
62.8308661261841
53.9233730094844
68.4271978278656
68.8898868351248
57.4589449166497
61.6836554799507
62.3585011639865
54.9393696722027
56.3825189034977
61.5754169456858
38.4002615633592
45.9238885426078
51.6955839048593
62.7335916392177
67.2276756178863
35.3180942673653
59.3490797160444
33.6912104129074
64.0551677055064
57.6549893183608
67.6382935089064
49.6596198187486
50.3542398186990
31.5952206729500
51.0915317428929
44.3620544799506
64.2806793306954
