69.2520366235673
59.4837105302840
46.9370048793141
49.8220274644291
61.8218597793690
61.6573224134869
57.3957770684088
64.5270725305009
68.3273887984078
46.5006620517544
66.8641200397393
65.9431951680205
46.5064538017867
61.8896511608595
51.9102878868151
60.5656861508806
41.4418761911241
49.4736629172667
65.5914451167073
52.7306659249762
46.2929244399100
53.6417510953637
53.2766312675710
62.0024515577846
58.9241970157264
40.8007091986408
69.1195512395483
67.3330357148231
67.3294080028283
60.4789162486305
61.3068303549461
