67.4925134572123
69.1788595991139
60.5336799021372
63.2933074234101
68.1417129803575
60.7159533361418
61.6665933781265
69.3019264329656
68.2054271017573
64.9888666631736
68.2790473557441
66.3718580850586
69.3631100913727
64.1866136607878
63.9043109192330
63.7712366518289
68.5734936596587
69.0778967863008
63.7706227313370
68.6840212129697
68.3815839415193
65.8001391059034
66.3973908135332
61.1641689093800
65.6602297810578
65.3003885718610
65.3467282351381
67.1566886174924
62.6858615949822
66.5036077228096
66.8190539886694
