66.7633256532182
69.3904885310392
64.7495239916851
67.0752541207169
67.7846393521467
68.2534027017735
66.8336665931918
69.0824811547939
68.6134139248831
67.4195347789609
66.8097331069568
64.2592453701337
68.5715028579413
66.0256448960832
68.9540961838829
69.7651438036269
69.1525123899317
63.2065966646875
67.4985653311000
62.9048404379779
66.4587579866408
67.4214430196802
63.5646662925741
65.0057826697933
63.6006102239120
69.0723786465584
64.4310435701270
59.0388993687323
68.8342349770092
63.3695513035693
61.0382362959644
