49.0797830594544
51.1264466078040
42.5706349422989
48.2115166106896
60.0195896900426
59.7878805189112
43.8534990067310
47.9058697778719
53.8561607767543
64.9274882819487
49.3823459701882
48.3883402092411
42.5452855324857
32.2225312703190
22.6538845686898
57.6222638788134
61.0854604259184
54.7985029559998
33.1331181408052
60.2918804395350
58.0511388506881
55.7616086431960
54.8254147645034
33.2378243416825
61.6183057760776
23.2036721910379
65.9294911139979
50.1196326848122
61.1253441149802
26.3494279818606
16.8661845699443
