69.3418757514098
55.8618270813633
63.1524290812590
68.8187221138372
68.1996636461669
68.2782514818591
66.2130430551691
67.5438825458501
64.3218554115282
68.7539661502492
55.6196902315686
68.4557121930251
68.3020942627783
55.6576618662518
65.2620770185217
66.1599379988553
66.4968345647701
66.8940399576340
66.5257643493610
66.5053137581009
66.0885193759667
63.4354349842643
66.6954684816024
66.7273778486972
64.8224417774599
67.3214861612671
68.9174044881156
69.2703571689579
67.4840040667713
68.9640468341510
65.6853939644515
