67.1208115339827
60.6812367652321
66.7189003389411
68.7711048166720
69.7120116339930
66.4530919370891
58.6959570303795
69.1196002156226
63.3175703763978
66.9790870524867
68.4814820420540
65.3187110676933
69.3249845825040
69.3312704673730
65.6125201598267
58.0396875822510
67.5026716618823
66.1459019209772
58.1899801906462
60.9734082816641
65.2656924122289
67.9409411414821
62.4068936651919
63.9710700641109
68.0463644129389
66.7293967734365
61.9441541957982
68.3761510043317
69.6912806283752
64.2389713175568
66.9586273624122
