64.6357195687502
69.8789686776257
67.9982418568316
62.3892374592793
69.1712415285171
66.9690010728405
63.4389456311515
65.7021741420148
67.0101332956435
67.7667592985548
68.4214484663012
60.8629965199309
67.8335714656771
69.8602351872240
55.4504256298988
68.4356701725383
67.1921275709899
67.3671265198210
69.0061901342235
65.8652663869360
65.1013342255162
66.1965839127832
68.3808876556649
67.4857832356538
64.7579907427742
66.8649942893651
66.1403228916957
67.7300690111830
65.7511203938857
68.4474438994863
60.5594233904313
