67.6585953656368
66.9212247802276
64.0038506455329
63.2422374962231
66.4415849759569
67.4916398684561
69.8724372988070
65.1780481400821
68.8752415070798
66.5675875416650
64.6443729940387
62.0550026523064
66.3232588249745
65.4566594802504
68.5752222047692
66.5367712287706
67.4088317039946
63.4704413397819
64.1996483163956
69.5304217395324
61.9842452859433
65.2884026301424
57.7106484420602
65.6809050955903
68.4001454520039
67.6501573529588
65.5317440081209
56.0776334211592
67.2053256179519
62.8548188788739
68.7733641806251
