-7.6743901078289
60.1429393322186
47.1962041015911
51.8968312998274
61.6602977455663
49.1755884958687
18.9483591053327
40.0499808522953
-47.0009189424237
61.8462952020623
58.0912200601522
48.4097964159593
35.7345862073802
46.7103234811189
47.0386113097698
37.8077060647216
59.2128249474396
49.0647713250603
36.6567398228935
14.5259502357246
51.8475095935457
57.0609004550411
36.1438005798547
25.7516376097908
49.7754317075300
20.3836704888066
42.2349956313603
66.0361245848009
-14.5366527276415
40.7109935315790
60.0455662585932
