68.2591593277914
59.2109856772111
65.8333111875117
67.7248911202632
61.1318579953116
58.9935257986246
65.1000098288619
68.6219300279685
65.7681775869298
65.9036179261729
62.7168679484527
67.7111900083127
66.4548671295794
67.8843461804254
66.9816006638275
67.1685431717141
67.0322546412475
66.6957843159211
68.0094014278042
59.9932509375592
64.6216224057854
67.9858897784549
66.3387828512100
61.8802335284981
68.0004097119951
65.7000232805728
66.9389172413534
67.0438640298056
69.2133497309962
64.9296375912413
67.8078601015761
