67.5691113040125
69.2505415346151
67.7988008355692
68.1329402692583
63.9397875119451
62.3881959456101
63.3973829151725
66.5540379317206
65.0002824893685
66.5910784935782
61.8443792267474
68.0707346887711
65.4602019802604
67.5948481277884
67.8588073069893
64.4243524873120
69.2806815156647
68.0740289194592
66.3996261296243
68.2345520438448
68.5706597916155
64.7821307115254
64.3785372801681
62.8635194514274
66.6421929540589
67.6149140734577
67.3575881223555
67.7432783931149
63.8248821890627
64.8875724133137
68.1957248412821
