66.3198206865303
67.5360065764751
65.1550647284804
66.6873245446663
67.3079415181179
69.6336819845538
67.0122228166467
67.5923988459348
67.7097402077377
68.5719075240417
65.2993352011068
67.4880993902042
68.2390755264863
67.0099841120725
56.5787088923583
67.3683470895871
67.0720881807839
67.5455666440425
64.1450431696941
67.3550853693760
66.0381921173738
66.3054270211314
68.6542692550886
66.4000705274071
68.2573386739443
66.9488184120975
65.6361107718573
69.5794483185172
67.5865751733168
62.7922988388625
69.1169456741949
