67.5697932053653
65.2480093592177
67.2446385589205
64.4901620259415
53.9809278006326
68.6515208673184
62.8979767472184
66.9792107300817
67.1874559433634
60.2282904859689
68.6355437358708
63.8920779240417
59.3089577570711
67.3856210343169
67.7159377612542
66.1661697072231
69.0253241129264
67.6123885233351
68.3219662664618
66.8022088877343
65.0225831966404
66.2103768108377
66.0238872113102
67.2744317283631
66.0350640522308
67.4443232610965
65.3695423324518
67.0326270641326
67.0099506675488
67.2934646857407
66.4135076046847
