31.4016669675762
35.3976538688766
26.8697848508273
42.4390780543797
38.3486598392300
26.4780860270784
54.6957785447223
54.4035595012252
47.0429078445793
45.5979798949612
41.9751748917067
37.2835381098787
40.8898848089698
47.4816590424921
31.9439178472259
34.8231324504131
35.8112884055991
44.3962796571218
38.0806386212947
39.5567148259005
42.3926726612296
44.9904460641577
22.2498899855501
32.5239576757830
34.2621946024309
27.0843164947222
43.0126691291935
44.3699805440866
55.8692633295953
49.7937986072896
28.0581002713849
