49.6480796311905
38.0582459956733
31.0828308751250
25.8669936483319
38.8620617366513
45.7371760541017
54.9667230663805
45.8763985159175
60.3737225662011
56.0074396607908
55.8428344845130
18.0833871514270
43.4180215246885
44.8672689776205
34.4397162183204
34.0859167159654
44.5585003551091
61.3768375581690
16.9715231074915
59.1862921049002
46.1975640013116
36.9138246530866
22.1047786413730
38.4914013484062
50.9391740907266
23.7827235274859
46.0396679614511
27.4623935834074
33.2053616516264
49.8519146139211
58.4774027721520
