45.3515376462178
31.5869623980985
30.7171034245291
44.9856312908067
40.8000996433944
30.2645295042104
44.0309526030259
55.0558512516372
56.2316014348817
51.2730992668645
40.2367750194426
38.5980391357891
29.7677777573423
47.2676039245991
32.5924425902020
23.6034442075704
30.5115700602347
50.2713496101322
21.9655732290715
50.1845680888843
56.7029342727845
33.4124831034781
33.8021783491812
21.8559816964057
32.7952304271495
37.3469998629878
35.4426814407669
26.7905365077815
43.2506919726111
44.9967635696018
43.8762097142682
