25.8814498800143
24.3568334667719
44.2461699594181
42.6836691589191
56.5588157445201
35.1457010812070
54.2532488277916
61.3812934433281
34.5774939462454
46.5602192312388
46.7098903763292
10.8448352032807
23.1818514250379
40.8417995446042
37.1285132874371
16.4566558112395
32.0642922967808
56.6423892625259
49.6338766749556
43.2087919804191
61.1472761819083
43.3918878662517
30.8134564422282
19.8921111233180
22.0419881665802
19.6240559824053
33.4962999614225
61.8624672020402
36.2131518477837
38.9897636675019
48.1777244513423
