29.2006401437777
27.5705336433399
30.7337646278948
37.1854284333891
40.2885976457094
39.2339027287763
30.5004394429424
43.7041294506629
58.3890030177210
50.6943747172550
41.1498306693034
41.2395626762979
32.2243103659389
45.0314080151409
26.0849533190397
48.6190761938647
41.0980346187406
46.6708299412422
20.8324100680979
31.8634128850488
62.5662354915742
37.4897780271270
43.6408470082406
17.8579992617041
22.1113870512817
30.0459770375842
35.0808617993116
43.1522171716596
36.3105646122339
23.7220540737613
44.8008241720616
