23.4085662746778
35.0292989023660
37.4108282775861
37.8060323913378
39.7979507581260
54.0642747305005
33.3397906518923
35.5768293241543
51.4596615253699
50.4463821110806
43.5822536921299
50.0132942965904
28.1552368444446
33.2992973857854
31.4572308121976
34.0913338518514
25.3032979652100
52.1300530370508
23.5120780164094
29.5353609380595
61.9812329422003
35.2940151754184
35.8420493754482
26.1192941006294
23.3341579026919
28.9602829620695
32.2376548557800
52.9033882569262
34.9190142915639
23.9898207641454
37.2859498466743
