33.7768924480874
33.4658569144990
55.5549815817256
33.0739305024893
34.1979632544564
24.5011101241440
43.9343353906012
45.5692668501407
27.9919485033120
41.7978920865257
33.2197397127261
32.8481050137258
36.7189954974144
36.5558039921015
22.6435988268889
41.5383529051299
18.4337904248994
64.2983332698564
33.4772109525686
23.7946149778888
53.0036989651226
51.9292964822886
31.7379945487278
27.9823805799291
43.8809347583198
12.9793922568172
64.3618561611394
51.8736300221291
30.8597744419380
54.7719362115979
42.8329097563070
