46.9135495768454
54.7074655740249
33.6905287108359
37.4996698843310
28.8774880745519
42.3370042985365
57.4859205512360
61.2738662466900
28.8542688514019
58.2138358073116
52.2756629602815
43.9235337149157
44.1707662015898
53.2785279258455
24.7086261650365
60.3806195610685
45.6501116766002
44.6744830784793
35.5423861964496
61.1661452092181
49.6062163299319
47.9543342072218
34.0572570256432
48.3356522210773
61.4597395242569
30.1490529183702
37.7739296715204
31.7611035428922
43.1887706641062
46.3017900625394
41.6793546892025
