33.0568725104241
44.2446936716313
26.3312238064338
55.3195278620435
32.1207154723303
54.8644613833597
45.6781227360142
51.8072051990991
41.5680812049526
52.1872082461152
30.3229336346121
34.6157287804230
49.3596890578688
21.8082388687436
39.3533830619738
46.7154495580267
35.3538577757572
54.8980964604374
33.6833745355841
34.6864761827805
47.0080612454072
43.1598942369018
33.8543875493208
28.7826593885132
29.5579823731768
25.4417432576124
24.6571468853088
39.3417671030955
41.6855240312458
40.3605564324517
33.8044227608087
