46.2551217585911
45.2419854229728
30.7288773962391
60.6269185684724
44.4594409493351
29.6651643104551
45.0867746069942
57.2021260056756
41.7967644168572
51.8538933813368
42.4788060164919
53.3589548722214
47.6078032747949
55.9507467413945
28.4532144631356
54.5581558179441
46.6505989355881
51.9947047298842
39.9682178632640
56.9847300682683
37.4489299139768
32.6783733087397
25.7474163895284
16.3617515250101
22.4765419806436
28.4991298119062
39.3392442928308
31.7660632229215
55.4462222926386
40.1668522708453
30.0088385223187
