46.6264219427047
29.7454328095342
35.6637463655960
39.2025181808560
39.2983588663317
64.8228539447247
46.2614924166489
34.9516926572796
40.5847101076622
40.7112416059868
44.4815991630484
46.3025921353842
54.0421081600881
51.5293303812736
11.9310829912384
24.5491053954785
53.7100768898173
7.6734351210928
26.4994012225044
38.1405029639941
56.1146048610179
59.4649269129412
46.3732209670133
52.9934258009347
56.0169364823603
13.1886399859315
29.1487662099620
7.7355405758766
51.9752988898630
41.8205738231023
40.6881007098761
