57.2430653931131
38.8843421912716
41.1592602804849
38.2646024358708
45.3151287471846
45.8609238125085
48.0518184817515
61.6887194546909
50.5752930263093
65.4491614412226
29.8076138555116
54.1550362257653
35.5741167834691
50.8434227641912
28.5942379704364
47.6925623230432
53.4007032561645
53.5696519370110
56.8514802508744
48.3637298077493
66.2231342004999
55.7765949547926
46.0154568802564
57.6367642608827
56.6616954859667
42.8788036720214
50.9173369366110
40.3026996662155
52.3683516194856
38.6646618357162
55.3501707091579
