63.1467627882050
29.9667895363010
35.9221007555621
37.6417481063834
37.2531152586699
54.4141017459818
37.9594741201352
60.2059808813853
46.8995460514749
63.1726519112492
58.9069330378052
36.2616388575567
49.3497795904715
51.7751852114108
46.1571760332719
43.1265649528694
54.4752626699892
57.7982174301939
58.9291754442274
60.0161613987918
44.7233118386898
59.0058451034614
41.2591510517418
56.1486786470933
47.3189896166091
48.3060364015144
42.2049733476885
26.4852938439175
49.4306163614971
37.7119030101802
49.9381772159571
