49.9895693071588
69.5868534802930
59.9206075100392
65.9101168630014
61.3984350553769
66.0447186039212
64.1031122720826
64.7725921272459
58.6028610778202
61.2036143647791
59.9005094369497
68.8036011347516
55.6355167046116
37.8860918474963
51.3614593591433
66.1381043743404
67.6409468459751
50.5737146240157
63.5966318253607
51.1651855693186
69.7604338015853
60.3365177526487
55.4909714483162
68.2503828672552
67.1964742328555
61.8596483949861
46.7320589399480
69.3620414795978
55.4793654466807
59.2583664966672
69.1125904569925
