65.6776499184434
39.3467849045981
42.5640406747754
37.5121503372534
40.0009227184901
58.5328180314498
45.1493543226545
63.2146172413815
59.0057138507178
62.3485767201093
46.3592904999539
30.8878229707638
51.7693049400728
50.7624234394846
41.6961832089605
38.7073580290926
55.1990159665480
55.0276001086206
46.7904732329669
60.6127356984416
49.3886703877658
64.3505646514160
44.5167338047680
59.4848454500511
46.6357919753323
58.1239510981081
28.8636378898210
23.8242015130462
60.0751213113818
38.9142425860127
39.5303190163580
