64.0321689983367
30.7078310508605
46.5612025301878
54.1622346856458
57.3808735095932
56.0154373393333
39.4292535066860
53.0986472597624
57.0562616658052
67.6357901447433
39.7177764018536
44.5714449323346
37.1517628939868
40.6856312523994
41.7124576628431
37.2420901238416
45.2964486944300
61.5713648574566
52.2448101482094
45.7350315599216
62.0248780725246
61.4576177153148
51.3008406683212
66.2700605844761
55.6831334382569
61.0057948726669
63.4849124420998
25.6459007620795
40.9781956951123
38.8169447948397
61.1210813615085
