69.2210574908963
54.5186231209287
62.1742041857373
64.8243505036827
68.6043023070948
66.6150965805172
65.0018038814670
56.7020715390800
62.4278529780927
64.7323437176724
69.3925080401685
57.5103753542446
67.2189634034915
51.7228430648033
34.8512732771365
54.5795987423281
60.0702479120258
67.2770814682700
67.0132269193963
58.7070117905471
67.3889975111011
55.2001840536484
62.2705889071288
59.7031600809361
65.9613679803312
68.4886542081954
67.4658996656378
60.8449094198951
66.6635718752066
57.2810545742539
59.6888408656505
