68.6841558885897
58.5531096827452
58.2979073182017
63.7330763428658
60.6991524216450
69.1607750585933
64.5151528400123
57.3615535330807
50.7892031072519
57.8444180086019
67.7329872226638
56.4526856849004
63.4060109335631
51.9645331252640
46.4776305007077
51.1395437240270
66.1812946312600
65.1101841971506
58.0376968370186
63.4357145006040
48.7351384622649
52.0652911617069
52.5256065462952
68.1560095817137
68.8936114203215
65.0908853398305
50.9639675227113
63.3036501480642
54.8182589214755
46.4043194731884
59.8958214017614
