59.7324879733494
68.7887759393274
57.7395588485764
67.3550322003027
66.4743440731321
61.8942074728426
46.8475338918497
65.2824982248289
58.6731888071511
68.5176865976289
67.5249377415802
64.4641607448554
65.0964715819825
56.6831952024277
49.8902893483888
63.5042841361214
60.6024183192907
47.2804735623396
65.8497213785324
41.0836563571011
58.8719578934545
63.0386505776469
48.3012134449279
65.9073558856153
66.2670039772355
59.4409968148906
57.4927019345763
64.6420688222650
50.7517793677643
64.1816245858792
46.8185022300167
