57.2430653931131
38.8843421912716
41.1597241421581
38.2849209213569
45.3151287471846
45.8609238125085
48.0995516846383
61.6887194546909
50.5752930263093
65.4491614412226
29.8076138555116
54.1624062228161
35.5967729675863
50.8434227641912
28.5942379704364
47.6932989076858
53.4007032561645
53.5696519370110
57.1896700806852
48.3637298077493
66.2231342004999
55.7973365758989
46.0279880475747
57.6367642608827
56.6616954859667
42.8788036720214
50.9173369366110
40.3206480940440
52.3683516194856
38.6656570590968
55.3577864931717
