68.0624433164133
68.1917897587671
54.6781866392537
59.8628830920430
59.3929899977219
54.0679368460995
42.8883323302222
69.6952371922433
47.5648440358017
64.4404142636403
55.6312100427341
56.7132664597929
63.3617527207721
50.3506244780338
29.7498391628290
59.6070284862512
60.9094829166822
59.7520732732375
54.4555386859637
61.2787138542972
57.4315221222840
50.4012000011914
56.2210318397400
51.5632237466483
68.9287663193651
63.1764899475323
39.0282803387165
62.2386495975654
58.2700194798906
45.5550532825418
58.8370865414474
