63.8835798487328
64.6585295079916
64.8851054821179
43.6396724959897
63.5029239835929
38.1581377031599
65.5317556122719
53.1658963679571
49.4202605117189
63.9945857885949
52.0071950084860
43.8544907138685
62.6027641375717
45.5256760773360
67.7475524553307
64.8419662126517
66.8728990295497
39.3561055314469
51.2476499648360
59.3374558557088
59.5506810406172
51.1964578233631
66.0752998499192
57.4132664771998
58.0141654907379
56.5652402138594
58.4156161788077
63.4211040553823
66.3366238497775
53.2968787720433
50.0701717668247
