61.2629008536061
65.4080797856404
65.0418243508217
50.8127347608788
64.5520316047122
58.4462391474778
59.7512998090087
48.0807864111697
59.0670479418959
61.9720106870810
61.0913968882665
52.3439249774600
60.9173607062625
46.7586782980959
48.7355220377139
56.1453259001402
61.4331918635566
43.4726155143578
46.8073305092242
52.7153044961916
68.0503531846653
66.3593275485587
66.1648929105981
52.1921661912157
60.3861142647750
53.0553471472126
68.4417068754735
57.7069774021911
62.8525365882422
54.3900531236020
53.9701376628083
