65.2296669226990
67.4797139548733
66.3157472943572
66.5519169413821
64.4809089167770
65.5239625127931
67.1442064416980
67.0058766948534
68.2076802947003
68.1271699393501
57.5951056853360
68.1718301427639
63.1748547995945
66.7410767355800
60.5525649275495
64.7443287383340
64.2409730084833
68.3154856892225
66.3322822074712
65.2784347827058
64.9590426447515
68.0868372325446
64.9010591433741
66.5382932726287
65.8116013763759
67.5031378565481
65.7874183226820
63.1108545580730
61.6817495296001
67.7152254587535
66.0239922974842
