68.9881572960415
68.8786546253456
67.7403550962489
67.3951071630372
68.4951431069979
69.2308769979076
62.4482636144785
69.0983317418588
67.2708017948727
68.2926913416046
67.8767906965516
69.4727468504934
67.8026841902680
69.0103309926863
69.0947922111910
65.0689298150682
68.3142175969130
62.0058931565839
68.4275665823936
65.8051938271309
68.1458271530363
63.9160693066028
69.4054821768753
69.2234869474183
68.6612968021750
68.6690523157638
65.8369796325893
66.5243017692969
63.5214731348688
69.0046961367135
66.7416176661715
