63.6683250951384
67.4149238917266
66.9514811371331
64.6546244083147
68.1055882124941
69.1287207012411
62.2077175318400
60.0170970218492
66.7773054553020
68.2549896201371
67.0748991318272
63.7096131947147
65.5883691384198
66.6935984275832
68.9606294592151
65.3489406488550
63.5407829359903
69.6568109199374
65.0637292135876
64.7337593561175
68.6887684323367
67.5885443657837
68.8090529958971
66.7931762775978
67.2575287220829
68.3911910776387
68.2738004944884
62.0307443865565
63.0223780693701
61.2207495355542
67.1458492962872
