66.5110270335879
68.5438451629385
65.8505381366543
67.8058527829968
68.4252235074456
64.3730012161832
68.5523208262740
61.3419538860169
64.7524447949996
66.1150078360141
67.0969599672789
67.2283356899244
63.0204205439882
63.9222827816468
63.9091850089675
63.9470991207657
66.9210560489350
66.0362123883690
67.6085698436435
61.6294608789313
63.4179236189293
58.2508118411646
65.2583962360359
65.1805998567996
66.6478254506193
67.7984107498540
62.0370576694022
65.6043287110050
68.9522071848256
65.3225493570549
66.4051324457984
