67.3731217544465
67.6561985260022
65.7822393155751
63.1735042713939
68.6004142357331
64.1884668997427
59.8770404940209
64.6525141819684
60.7437463652342
60.8511655290218
67.9004547142473
55.0868403830519
65.6888583825126
60.4973090339519
62.0621315295976
67.3448382459726
66.0722710301959
55.8318838800354
63.5315169341892
67.7913994541549
68.1161477020461
67.6656718244970
62.5885377332897
64.6533246570178
64.2269980695437
49.9703043937505
66.1745720018392
58.0270078914367
66.0193331392237
63.6842160704049
61.1695250206130
