66.9794045302162
61.3747041010046
60.2233592590196
68.7782597927962
68.4354099842131
68.6324695375967
66.3058505567997
61.1563518573126
65.9354471738166
68.9530915099628
66.1764949910146
69.0169702254853
69.3067750920739
67.8838498464648
65.9369361253195
60.0906705987294
65.1270546704870
68.3080819772646
68.1512851640811
63.2838140166889
65.9952177146523
58.5622343940285
68.3323566761659
60.6366165300820
65.4994397164443
62.9268500342917
65.3608177190332
68.4970152689287
69.7763274157567
63.8178359856614
68.8090383017836
