68.0359123478229
67.4787795499737
63.4896167149799
69.4116224842659
66.7188496284169
60.3844596807896
69.0248321256116
68.6208725931057
69.7341633195261
61.4220060410187
62.3645507500529
68.8659518545293
56.2110826473496
59.3854377706687
60.9840018169104
66.1807785759816
69.7993677535888
68.7921673357896
60.4816560673600
68.8777847589773
69.4191651962251
65.4907609477196
58.8124149456946
69.3257269769472
67.0268536155732
68.0644434794328
68.7212848075141
69.1655929673160
64.5021269458618
67.4294283969022
69.6933985170361
