68.5312525374779
68.5549437408079
65.9179844451149
69.5419739524230
65.3787553253344
67.3348803250031
60.6032199437765
66.8904238723648
69.0095939839871
65.6804844372024
69.4088933362315
66.0323749509610
67.7737649819103
60.7177872434791
67.1364109955516
66.2046037299385
67.9419181431518
63.7655027291041
68.5768382801745
69.7748835689887
67.7624544436068
67.9838682415367
64.5406163685816
68.2036468798363
68.9598258517967
61.9189032047747
67.4755666211184
66.6591377421345
60.9220804114741
65.3622400247416
68.5298580347601
