67.9676776030797
66.8035023273482
65.3827729908932
67.0901812259666
66.9450450599757
66.8581071428837
59.6550547390538
65.4744590602842
59.1739210930653
64.0920955056728
60.6349857175927
66.3423063356277
65.0019734600698
69.1526497567384
58.7197550815595
66.4990021970857
68.5364302951241
61.0447887595966
68.1151727754239
67.1340010773355
65.9098401482872
64.7955181883012
65.0120753167927
66.0614596111207
67.1237091918925
67.6325428123882
66.4339925107009
66.8942252571704
65.9945950626738
63.4047604812381
59.0491532797183
