66.0614342948036
67.0039140521366
65.6920696147530
66.6223751247305
59.6315224519218
60.2034954718263
64.9812362798445
67.8042633684748
68.7108231076212
63.0644779060260
61.5214502162820
68.6247387709742
66.4001061325979
68.5356255114967
60.4296487558919
57.6567426789405
68.8998283385156
61.5542648725321
66.3066976447224
67.1010457608601
66.5454496712156
61.0831931105765
65.9168837816972
58.0419789344633
67.4763657037881
61.8027304546291
60.6327441801083
66.4885704767531
67.0319084516297
66.7526941722972
68.2574684889184
