65.6650860271703
68.4938015187276
63.6579696182620
66.4389976529518
67.7907564723760
62.3490337475578
64.6213924334380
64.6384545945044
68.7303458878696
68.9506287398517
68.5913554898455
60.7415079971375
66.2582144629691
64.3571450174430
66.6979637427768
67.4279032854820
67.4086890909752
64.8104516757218
64.9992043863302
67.6937981724836
68.8488477412897
63.8085639297902
64.7035419523710
66.9464745403559
65.6853670281101
68.1364645333964
66.8031099657515
66.2266862435365
64.0447842915539
68.1889802133077
68.9245281217522
