63.5926558866677
62.7955465950704
67.7484495342193
63.9593055816084
66.9513416406856
66.1217461436980
65.2595247615364
66.9413794161529
65.6877792121743
65.8707192279266
62.4223424651207
63.3784719645894
65.5290572806326
66.5633204667278
67.9116515836011
59.9237803556973
59.6055605250720
65.7842341898909
63.6098806835891
67.9391470421967
64.3231555297395
65.7630597297185
67.0927352590608
62.3684125358637
68.2504298439422
65.1156308303815
64.9048891905089
66.4744998896685
67.9808877498295
65.1735465704740
67.4924019494834
