65.5380254404954
68.6610124875499
62.6622684628927
63.9546849783385
67.3678167872696
66.4227448436389
66.2084797535577
63.4525947128438
66.3439222068792
63.3367754255569
65.9091930262350
58.3044380708796
61.3986146481899
68.4363130481419
61.8167912960739
67.6881538588308
65.0502801972312
61.7758009740139
63.2280325135995
67.5339613788358
65.3702808644505
67.3921225886328
64.5167819254231
57.9590933276721
64.7876298975633
61.9324034375434
66.4606978760820
60.7065735487079
63.2405064957848
64.4964081567709
67.2034991374935
