68.8944863737201
66.2072570798430
65.3634013721733
68.2144227286649
65.9419067075389
68.3135563472400
66.9866556658671
66.5522267051165
66.1483833192920
67.3327538621861
63.8199136542068
68.0673577339695
67.1668926626928
64.0260993071042
67.3123782820006
63.8060108839204
66.6328495099406
68.7882713246573
65.0716701097332
65.9419360414714
67.1445818917560
62.6174769150673
69.1546361339238
68.2802483545074
67.5294756035655
64.8841873740715
68.0175371526747
65.8754729672946
67.0736262708873
66.8239517724623
67.2941336121601
