64.6189086515571
69.4289727756947
65.7240025937342
64.9801871829137
66.6946952606773
62.6857827859554
65.4058617744440
68.9290277413624
57.3197703222412
64.6933706786832
67.8105297107737
66.9300857767920
62.3550862508830
64.8845807826867
65.9376150122062
60.5913077232710
65.3977205273951
57.6957168114922
57.5899760814849
65.1589388502043
60.1630574463227
66.9112364400262
67.8491684963703
67.2787226871621
64.3517372190312
62.6060038239260
65.0545143005388
64.0825165119503
65.0628465851474
63.3649372463643
66.8840989384305
