68.1182486648900
67.3745077618802
57.9513565076282
62.1201666151658
64.6453677096829
68.2466821985148
67.5608248461741
66.6147572637018
67.4321632625531
65.9783049044796
65.5060843374092
63.7833011066813
67.7812384336156
63.8386358891217
66.3007085317615
68.2256249602457
68.1087667726943
65.9744652881833
64.5009229359658
63.0369892144552
67.9780853949888
67.4304371328656
64.6919258728572
66.7468984265143
62.9545778463167
65.6475810780066
67.7292620615509
64.9328996610654
68.9464819851684
66.3753787052299
68.1745451442354
