66.4320456953577
66.3053701827166
68.2349344388241
69.1445498400239
65.3723830422409
67.4838923347216
59.3513646374887
64.3808361325844
65.0483509095842
66.6474021588146
67.0770635511769
69.3683015238467
61.3299422948998
69.6791364775149
69.3567771883034
69.1819567141922
69.1207554133533
68.6785240541602
68.8391819431109
68.8800867900451
67.7273687097389
67.0383995674062
68.6628711955765
66.4661572989414
68.2778689004337
55.2824302957379
65.9065541910406
68.8190555747691
61.6242188885807
67.2459627570610
66.7146921177335
