67.9236228798753
66.4270837268881
65.5325654536187
65.0978669692951
63.3939386729016
66.7147514306144
66.8209250648117
68.0076290609093
68.5141095842382
63.6041315506983
68.4982605067165
68.3641697235796
59.9982098072391
68.1847083718551
66.9844859916680
66.2463608955083
69.0267821144459
67.3754813544619
69.5459298341550
67.1277454298380
67.3169834752527
66.4872872174826
65.9769197378784
68.0839600504129
66.5510796369194
69.2200861183935
68.9870342186378
67.5615082291007
68.8770114474340
68.3861553530785
68.4073288961511
