68.2696144927818
66.7127388317756
65.5372292668427
65.3459598824089
63.4457863798959
67.4867697532689
67.0099896149210
68.0076290609093
68.6787597823414
63.8539910791858
68.4982605067165
68.4464184365497
60.4456658679669
68.4611971919341
67.3746398430411
67.2275230884866
69.7100870264242
67.3754813544619
69.7769493055508
67.4760608567888
67.8868415229722
66.6819818763148
65.9860193174682
68.3701053634893
66.5549104250720
69.5722434653904
69.2806995615721
67.6698647378165
69.1752781185464
68.9249843207286
68.6417827853854
