68.3023877685143
67.7318059108474
65.1295844491341
68.5723261130627
64.5390550804467
67.4182002026482
65.0947221971804
66.9692010750546
59.8555044060664
64.5383496979561
67.0182407020760
64.3529806968453
66.7324221595019
66.2387152004116
67.5214742051030
67.0916006861454
66.9625981616109
68.5625446455666
68.3028733846262
68.1138573879162
65.8099330793915
63.7552291816035
67.5028328009507
61.6279382443691
62.4413441774140
63.1638365176271
68.8427445994575
67.2133316668900
68.7586636641350
68.4476459430743
64.5597181196925
