62.7473955608847
64.6138262144479
62.1695242087255
62.0612328488740
62.0737933264300
67.6742073808485
61.3338595267709
62.6944273030462
66.2812888819261
63.3513655486213
66.2288574722619
66.9740503357862
67.2201278363389
66.3504546641214
61.6572354175488
67.4635611011525
68.4069129103173
68.7967866921133
64.6090838324898
67.8692675703105
64.8188788605700
61.6928350902268
65.9417025690245
64.9936155330760
67.7113384556320
64.3642841540294
67.7611269511381
64.0106145097468
66.9990010236581
64.8760777452584
66.8014621137426
