67.5301466217314
60.1580458192160
66.6744090612744
65.9990812370194
64.0838361764238
67.0103146154359
64.5264840463956
68.1232056490984
63.9712443842581
63.9266410869406
65.7483148899163
64.9995232149326
67.8032915467961
66.1729527659013
63.5573996339131
68.4125409742098
67.1295501552442
67.2968976451983
68.7518933361346
66.9898288869108
63.7125951320236
67.2609019477466
66.5527240230017
64.5465063025234
67.3036555854172
68.2516167407538
65.6215612095032
66.6006354175240
68.3559272410427
61.5435744141882
66.6970798267862
