67.3796688812582
68.1041677886211
67.4660657054053
68.4770344294563
66.7131074092638
67.6160574205543
64.9074494007463
67.5063979226931
66.9978974842045
64.7478956500182
63.0983340358904
66.7910325283042
68.0822957692789
69.0789941777469
66.3364898486968
65.2911607826938
68.5056848430169
64.1340983063308
69.1210185975234
66.8026432739275
67.3709614125466
68.6628628937068
66.4034788303086
66.7235652268591
67.6647254909466
68.1946979669440
67.5751936862811
68.9486209107999
65.1509769639517
64.2400812961927
64.2077173641130
