64.3856813520709
68.4093815315266
66.6492488670558
63.7351375607852
69.2453207161231
68.9144927665663
65.0638199848988
68.2292649154923
68.4575392161090
67.7986185413401
66.3618489164639
67.8877753564879
64.1202283751851
60.5039603595104
65.7870825685800
64.8494178528182
68.1740894477862
67.7735079345013
66.5570450494557
65.7477085098454
67.7210695905767
68.0292872625357
66.8016403740938
64.6833497397908
69.0160155637456
67.5182833032044
69.2139492147745
67.0535478510040
62.2909010527952
67.5936805980963
67.0547558177286
