68.0991303852764
67.9228698016071
67.7029173026366
65.3473300787870
68.2283586997945
69.4819117074360
67.9528078238338
67.6416333469870
66.7691929965754
68.5181623644349
68.0558547526089
67.6964495468939
68.2580995735695
68.0538660527160
67.5492507270219
67.1706320020202
68.6216844588200
69.1710151905647
65.2546797823051
68.1299992906618
67.9690907094034
60.5766813519132
64.0796392091564
67.7226697268879
68.3612000767873
67.9530576823780
68.2098974461173
67.7478981368009
68.0189873585204
66.3545066659261
68.8428677189483
