67.1907278267609
67.5495770591523
64.7394599027350
68.1000523964383
62.8989689443043
61.1674930602991
64.1553079342208
63.3929688778087
63.5204374933989
67.1905824592807
65.0391865192281
64.8422419170399
66.5424554941313
66.3802461774955
65.1565772076965
66.6562650394180
67.3622484170555
63.2971819259009
62.7933173032972
61.3837825067409
65.4194255445374
65.7640328709503
66.3285121333902
67.3233877759221
62.5294149444409
66.1763223421724
63.3301113725695
65.4694394872569
64.5649685615394
66.3915973513736
62.0947200531907
