68.4652946417446
66.6076551611529
64.6198047559237
66.9284963598335
67.4173756557566
66.3658365526994
64.9252803374475
65.6988260808719
64.3013118867180
67.2903497793152
68.3665050695294
67.4062212743106
66.3165453226345
61.9782692437272
67.5473246492778
68.3111042413240
67.6457587872091
64.5326619381533
67.1492147884667
65.4167254116727
66.0042818061038
67.3954610390834
67.6915166645889
62.3089982333646
66.2563043418323
67.3130293333226
66.9890643177416
65.5104337460110
64.5028098849207
67.4986720592307
64.3129748365919
