66.7520003585117
66.7476602752283
67.2946676370713
67.3222273331025
66.2424903080048
66.3803913130760
63.4436110384377
63.1181504055742
64.1974818238730
67.1950691676677
64.6236942945118
65.1076706898836
61.8263343171578
64.9258903560612
65.1026205664409
64.8178734660010
67.7776709058784
66.2290377000452
63.8990296183633
60.9312698254139
67.6673463750841
67.4156214972990
67.4354572509242
63.9127149608704
64.2676315124992
65.7010457416238
62.8006124097222
67.2644448372441
65.0171106621664
62.2810090991392
67.6919696628491
