66.6396972685643
58.2846081238399
67.5289376115127
68.3948338916536
68.1738040488135
66.1833850174401
66.5571267000675
52.2667376381912
67.4997752443595
41.3779190458452
67.0129616307679
66.0952179769541
66.3944216326034
66.5237809056256
61.1755403708485
63.2620345911862
55.3222190434905
68.9260498955864
67.0280325135384
65.3645834701522
56.4820044176355
65.0664352723737
66.9104154690122
64.8834114839022
67.3800260103341
62.1926193795701
60.1885307900726
48.9899259259198
58.6514607722014
62.2396244273950
65.6402798738169
