53.7049375302832
51.4944769428250
60.7695442364073
67.0732347115241
68.5803463652055
66.7475633774422
68.2374789274003
61.1745289187692
63.9271830062946
66.3923964558421
68.0665027169039
66.7584142866267
62.2826128878717
61.5529289704434
62.5139585068996
62.4661979390062
55.9336305563322
66.7253307896497
68.6406371324251
64.1250030565191
64.1398714666082
58.1174861017670
64.4811823605263
60.4771967056274
68.9095060521464
66.0861214980855
67.4306678253340
65.7914903667210
69.2889538594352
66.3205997472173
56.4702449593726
