67.0853106744051
54.5410559800465
63.4604229046842
67.7997881913602
53.7540430717816
61.5488504348350
63.3202699930502
59.4747502440788
57.8896787356235
65.8096547103519
66.5421235853985
50.1502321694012
66.9939339854339
66.7859718364963
67.0229085469226
68.2219686828114
51.8781992485831
65.5205573214097
49.9389831125027
62.1502346107301
64.8832302587376
59.8411783806737
62.4601132550207
58.9587764979561
64.4199061664782
67.8942313392145
66.3861505684495
60.2067401672240
63.9153379745193
67.2055428662115
68.9792502715473
