63.4268991422892
47.7910304590569
66.3466903344008
63.4433152666577
61.2308371178029
65.5381727707194
65.2254230138376
59.8195005320961
68.4331867174806
59.9665851729447
63.3939666782056
61.7400107618171
67.5435446038665
67.9260787108965
61.1464795738255
60.0472244541971
59.6862948604563
64.1559735229329
65.9135443016327
64.5291728128683
68.5093457038211
58.6922707171836
65.7468585169353
58.4359907638295
66.3023811441135
60.2019559926544
69.3991042349565
66.9661303081667
51.3233001278332
67.2730802812198
61.9655350685744
