67.5701262023251
66.5110247881465
65.8054436148944
69.2634815227586
68.6401621679722
63.3318530504800
69.4840068029746
68.4842267953984
68.3235999968163
67.6542986106436
64.2873410763996
66.8261202555577
68.2430976890432
69.2877201907488
66.1431453717442
67.0235751656564
68.1601988510114
66.3807509038160
68.4306340779853
63.3845045788151
67.7938270583312
66.6264459934646
68.4159428344730
60.6379842277968
66.1396996522424
66.7817306549993
67.7770532922145
67.1503802406570
68.4336650172699
66.4066764883209
69.0113240870819
