67.3783899737779
66.1020530525467
66.8956414012543
66.7937407434933
65.0031811077937
67.1751110347998
65.3314995794904
65.4212128968969
64.0746963903500
68.2858694307485
68.7612418755790
68.9653809255395
69.2861866676492
67.9540977822653
67.7405265183810
66.0159854592560
69.1387060957017
68.0872577282972
67.3733059975970
67.5975700336949
66.0764714833860
66.9300671841754
66.4100850707154
67.2805866120400
67.8667058037814
68.0963483029168
66.2974484565931
66.6249199712186
65.4822041816423
68.6945302698189
67.8138179670822
