67.8259233419613
64.4282744562293
68.2248273374182
67.6665762094788
66.9896873147486
67.1594666148780
64.5064426526433
67.9809431838384
68.7809890934127
68.2713408852037
68.5805908134086
67.4265352253952
65.0555822963761
68.0196776942392
63.6354316669304
60.8781494796180
66.5715628831460
68.7147548203840
64.3930880045983
68.9983699926945
69.4666392903374
63.9635918177597
67.9169581788719
68.1763097702679
67.0260249382569
68.2083225022354
66.4094349278676
65.4372621052381
67.7180338718063
67.4488549201434
67.3634965675141
