67.5585440248783
67.3634938351462
67.6603451953562
64.3422832423394
64.0858442879313
67.2927862158439
62.7545175635724
66.3147989524445
66.6844821300674
67.9902682635866
67.0554461167337
66.1861811464678
67.7630761292118
67.6242145562468
64.7032049856226
60.6778381585095
68.3892054916518
65.9370372559457
67.1677548036452
67.9184899569851
66.5907932761487
66.1727382376810
67.7268453193388
64.1092533418065
68.3620446674577
66.8085751658558
65.5861884474639
64.6763974465612
63.3596624041019
68.6213879741434
69.0002047709029
