65.2262233337480
61.7105308586620
66.7177809626469
65.3254272051764
60.4868558163235
66.4149637896991
65.5677814945303
64.9025796630586
64.6071784165942
65.7148426019478
65.3575574945770
66.4671856829564
60.1276054551417
66.5360837256127
62.2368302331531
65.5773984709995
63.8203672221832
67.6858729669316
65.2588237337487
65.0125900229735
65.0878065329054
63.9850969111690
58.1925960732482
66.1987477833245
64.6921027261329
64.6449227516824
66.2512173086784
65.2499900118463
65.7998311843426
66.3132625531100
67.0322739980533
