68.3164904680774
66.6830613053561
63.1184510668258
64.8303440597177
60.8941247187167
63.2903413346638
66.4715719045908
63.2145925785065
65.1170104404517
59.6213178627416
68.8144292726092
67.7291789908178
64.8448504485983
63.4833601752523
66.1010228531371
65.9299287901553
65.7604690845543
67.3487195432638
62.3532293520752
66.4569097474549
67.0315212526543
60.8252991120462
61.2506085230283
64.3203436438514
66.7164283974601
66.6902066883405
68.5337116135167
66.3303168437234
69.5242665084060
67.9048824301047
64.6161320816947
