69.4072794058734
68.6075876260179
66.8045483401386
68.3230767623090
67.8359971164131
65.7425661563835
65.8455343526499
63.6008199456223
67.0790587879302
67.6293860038372
65.1147329569762
68.1175706553705
62.5724522217799
68.1144858186738
64.6621988058837
67.6419993422884
68.6209609354247
63.4072687651974
66.5496943222840
66.0834263897504
68.1874492835770
64.7296596711997
68.4099998967590
67.7075134274685
69.4351629629142
69.3200372767578
67.7485227317687
62.2209165038048
65.9254378555776
65.1094515646971
62.7825745547860
