67.9986481265954
64.9411472775498
64.8829878353184
63.6981008107151
59.8619233698630
61.8363428109056
63.6143467276023
68.3747957477315
64.8548028133673
63.6740691727975
66.2581641214473
68.5345341430678
63.5088523527931
66.9277130281991
64.4648509002109
67.2167755054426
66.5248081768840
58.2752513485440
60.7092737532918
67.9573079260905
65.9887410103777
60.9766350734362
63.8540502679144
62.5967158461572
64.5698957319271
62.7535338258070
65.9318945607851
63.8459394807681
63.3491312972712
67.6760814771614
62.6487208275679
