57.5327958527700
-11.3876414447603
37.3342171421385
58.7251172361069
-42.2395701377137
66.3157515794466
-32.3406122171045
47.8118669010854
48.0152714491325
62.9257637660112
65.6582257306556
59.7800060133299
58.4122196416324
-34.3364535732787
44.8053584307099
65.0650649430980
43.8287596496043
66.9594528557643
63.6717188810865
55.4403259864131
63.8863502119084
28.1919731088877
53.1853347616408
67.2419678958413
44.5008694621824
49.9367304960279
64.6704231957208
32.7408329817064
65.6772601364390
15.9007550516506
61.6970452063834
