65.1284135434335
68.5531285726750
64.8454942493692
66.5494854598346
66.7758697224944
67.9949704562792
65.3893560364786
68.1128336385910
68.6488070729014
68.7118056603455
64.4719935359801
67.6570016161607
66.1231320221751
65.6834209112095
68.3491229859852
68.4554713525323
66.0188399342527
63.9237932680695
56.9208334055581
64.1626446088455
67.3454890749608
63.9025478042111
65.3049773479476
63.1505531914255
67.4569358340634
68.9872262599495
66.4061626823857
68.9451663370634
69.2153790842658
62.9974161345606
62.9551492215307
