64.1928591927435
65.2799350151653
-33.6803800787383
-28.7210747157178
7.1436121568596
-17.6122629950866
-22.0262137851408
0.8640447966386
63.2782723242346
-3.9065077944127
-32.2287138543176
42.9218973146683
61.9052800396758
-2.6412239750119
-30.1705493332435
-37.9440451316688
-43.6353161026054
-8.7323832946286
-41.3581351469029
-84.7364250660783
4.9259885992582
8.0519169029357
66.8808197515781
27.8377705964157
57.5569429121534
-10.1321898758484
68.3687342393605
-75.2299920374430
-10.9599224467446
-54.9149948439276
64.4359406786622
