64.5352068484085
67.4533000042611
58.5865977412242
63.4575178104053
69.0870704783062
65.2617150922514
66.8754353944259
68.0721801889731
62.0547635236396
63.3350629623361
67.4889005321603
53.9373491573127
67.9625919316470
65.3879395266965
65.4859537149788
55.2127996199651
65.7214600655229
61.1865181937448
69.3033164599660
66.6967584460467
60.6328227658703
65.8455002613166
66.9066074576056
64.4066856448593
60.1665734912280
64.1863041003869
52.7598983056015
64.0808254553718
69.3094282627768
65.9069794542323
67.5995555706018
