67.0975822737668
68.0650360036746
68.4094139813152
64.4823423053755
65.4880529386899
68.9054386703912
66.9563105039844
68.6792758019779
69.4760576828885
66.0299117639933
69.0191643240933
68.0540433369133
67.3391481353020
68.1638792847355
65.2620316432252
66.5697059063419
68.1570813489228
69.1791714427271
67.2026367495295
67.8616923608424
61.5562209440714
66.9863710285835
67.1979359739358
61.0596604675259
67.7264395540188
67.4845800837780
66.7664700462765
68.5171547704471
67.2128218046200
66.1585336908448
68.4708735068054
