69.3961707262769
64.6377615675520
66.8351238710716
64.9600640020598
64.4794271500344
62.2547489638771
62.1735633777910
67.6553923163565
68.4241733320163
69.3123694828754
65.8226576815750
68.2057639627990
65.0323739695614
67.9634232368156
67.3593792761344
66.9740512577289
66.5714033807814
64.7196676647366
67.0261918426503
67.2336894455632
65.3633671577743
57.7344603429482
67.4503211258484
67.2751889152629
60.3410500312655
62.9259269828465
69.5341397755933
69.3004194606235
67.7836919815455
69.2985176332149
68.4178094411110
