64.7503537386749
68.4241241350964
66.0051012891025
68.4409081096737
66.7295311815397
67.4773192717721
67.7972651113121
60.9106788798929
66.3278261082680
66.6969170010390
66.1719698420509
68.0328582729214
67.9929106301532
66.5453068157119
63.1496240599131
65.2085594113098
68.5633310635504
68.3004636120421
60.3242253107379
65.8483682116046
64.5398922884199
63.8795701589274
64.6514638470108
65.5197933960901
68.9370819765234
63.9144034502954
68.0722337933936
69.5954010568170
67.1704231923995
68.3721348944609
67.2126354155328
