67.9496596845686
69.3824460917573
64.9769842733377
68.8201605689161
69.5269129825264
66.6391680493817
68.6761077982816
67.8074473529533
68.7781299877370
68.6651028982770
67.8390560646340
68.3980295470667
67.3096691717114
65.9607099798325
69.1909197041893
67.6696377263579
66.6348039886649
66.8996014482075
67.0872419081110
61.0506632996495
66.6240806127014
64.0316331130473
68.1491373412257
54.2666925769539
66.5582711747631
64.6528467135000
65.5042901317825
69.1500272742638
67.5392666255101
64.5694060081140
63.3477787783628
