30.9804559200861
36.4630921992251
36.0278609341813
53.0539210093163
51.0618496162131
64.5688469005432
64.0098305413717
57.9778074578408
57.9032331761135
64.4503525202761
61.2751598663420
48.4576787904023
39.2466147929107
49.1125130475613
37.4140330224532
51.1032761629547
66.7592547967231
46.2399561784116
43.7707772854567
52.3447063253288
50.5754260708741
55.5704004559883
47.5431692115209
57.7861726234395
59.8506874939044
30.4589645600397
50.8272942941026
46.0894806017945
38.8354291406205
55.5979780513291
45.3488291382655
