57.2403140513310
47.5082670611401
40.8812851694616
66.7323455102680
60.9923447680737
61.1706602941416
60.6923928206924
67.0637586774482
66.9859487527868
58.4098856071667
56.0317598766767
55.2152567612938
46.8385750122517
60.6684376159675
38.6863713246592
63.0035266243552
59.7702596410511
53.0700577000860
68.7133753112014
52.7474081386158
66.3749639040363
56.7857272979122
63.7900798012107
65.6582587034443
65.2748838873638
60.7332084334153
58.7384226244472
64.8561387484475
58.9761917997294
65.1327726130637
50.7663832671699
