65.8006936709241
45.6114835052928
46.3758362010354
52.2933374028390
47.1253365163870
53.2744944064453
39.0290910439938
63.0664934375876
42.8779842905576
57.3249271237057
61.6793665575118
57.5306936076966
61.5797584372823
59.0961628275212
67.4509674405787
67.3377426793948
64.9264544172239
68.0012721593038
69.8657177222391
55.1069076637107
51.7957384494174
51.7402679010093
66.0937279763182
44.6452440876788
61.7110183047717
62.6150979557678
59.5006751311431
33.9444915817347
67.9568394632907
67.4791284683658
60.4229246406637
