67.5110669255480
55.4294191845326
41.2190425438791
47.3547211667392
66.3382761162600
65.0471619701539
61.4700015696681
69.7159277073378
49.2919109583147
48.9032320186961
68.4723894966921
60.8355591824702
38.8373593256594
49.2673208748613
38.0739942346279
54.6057468692073
62.4648146395836
44.8997053791362
41.3580298818851
43.8053997703071
53.3213269151837
38.4141055957734
55.6201602372731
64.6883414098005
50.6561662553873
60.7367834329407
51.0371607986643
56.6503255514617
55.3203343649304
54.4955975587286
65.5826885993428
