29.5707733951582
68.6073119843015
46.6933644933815
58.8433934676823
37.1172006391392
45.7844853816682
55.6090520857766
57.1586977522196
68.6333568433104
62.3881531398717
57.7246228687343
61.7999221515718
45.2103951628635
51.8417847239546
59.9912937354043
57.6898200349058
41.5395696216195
48.1882124136020
31.8166028350297
60.0448071426105
67.5255754848884
52.9618542371773
57.2142171546487
44.5094232608192
66.5674002273345
47.4657039994766
41.6467721694180
58.6078253101114
30.1615280555250
50.6650862117003
66.4693944618305
