51.2511960671511
67.5493421549798
45.9052564984323
66.6726529782405
62.7149869702638
58.2255660666747
57.2683461494748
60.6720759971297
60.2880173481784
49.0825916074754
53.6307862941463
63.6784788478630
56.0223876509591
52.1239672681966
55.2430900540467
36.3677017405308
69.3808644244278
62.7565768789910
68.6272488244797
69.1523585925789
59.3658168849355
47.2110035919435
68.4872313375829
59.1046556518632
56.0961309044154
64.6766756474792
50.6518503804438
63.9893240665059
65.3316490796951
43.7305013798965
62.7117729086814
