63.1736635295470
51.6995493476750
55.9650132793106
64.0224536725833
48.3993216801239
49.8054750292105
56.6905747722971
62.2162737277715
58.7582062201303
65.0980346132375
46.8863688155430
45.2345672232728
55.6423634391919
47.8706470284048
67.0790376210261
55.9761651816644
58.0005449374921
60.6362884878685
62.0346313824632
36.1265285522240
47.8174489053491
62.7469355466285
47.4468456450348
67.7700189808436
54.1651764556288
64.4181642797253
59.4552027651205
51.3369562461265
44.1202663827206
53.1213158355323
64.5852600518818
