67.7036157494915
64.0049770967292
68.3675930410810
67.8156295491845
69.0593474012404
66.7051744137585
66.2181070339835
67.5852847937459
67.5718803167951
69.7432620570432
68.5922332346748
66.5091964632494
66.8899823981894
67.9404510965801
68.3885322941639
67.1939062500759
68.6534375953517
67.4641763113863
68.0425800234816
68.7545979841856
68.1432914854031
66.9232764109427
69.2358877627593
68.7021594548987
65.3726944111929
65.0329289772348
68.6706263917417
62.7959966788219
68.1293319784080
68.3805008957744
67.4654387632245
