65.8614572563885
65.9533537142820
66.2564702278302
68.3160073952984
69.6463273215926
68.1243157626443
65.0123747314579
68.8397021823934
64.8019569508322
67.6414156262739
69.2490581342974
67.1823904830453
68.5477124326782
68.1981753924679
67.6732816557912
58.5872322537975
68.1808084582420
69.3688802972258
62.6145132190739
69.5209535027356
66.1107891221893
67.9292496413794
63.0420747850980
68.7021513749659
68.1335817889288
68.6145779164014
66.2860944662112
69.1989696120993
69.4696340418250
67.5141479610323
66.4805050590547
