69.2659309875561
67.2937273450512
65.8882802177201
69.2860387296256
68.9011528508498
68.8689132992933
66.0182591880445
66.2505441724886
64.7894038772802
68.8047235211883
69.3837615347989
68.6934899179305
67.2318341599791
64.3231885629447
69.7898064618987
68.5285267382740
65.9945462888764
65.2707931614592
67.8297291566907
67.1463501209636
67.3721528064425
65.2300693068326
68.3804418142167
64.4441365062414
66.1086305666634
67.8381534521090
68.9208780727057
68.2965598065524
68.7642155642162
68.4288105089218
67.2444302154537
