68.6126134224921
67.3754188075270
67.9657803103733
69.2904599744798
68.7646866727977
67.2369166465792
61.2724604868031
68.4397262513708
66.1129936884737
68.6011075169967
66.6193319093565
68.9713527302363
68.6579200887209
69.7369725939993
67.4850869046651
67.1182836731820
69.2681301169781
63.3952809765606
69.0494051099243
63.7333939540805
69.4157664894508
69.1706464360222
69.4552062271506
68.1346970552209
67.0897797071727
67.5609494982800
66.9768904617239
68.0240170049597
66.2663190191936
68.7126941943671
63.8201558935555
