65.1996628590965
61.9360557945854
55.7118730128048
68.6388374310879
61.0662141949859
65.8837426487794
60.3355589636693
56.2822323504806
53.3286837780749
66.7434201651295
64.4989344425774
63.8696763792213
66.7172583603966
67.0464455582753
59.1399067494235
59.7336837009606
60.9774907219997
61.8365372331170
52.7493502818223
62.4153892438025
59.0566776211297
55.8264623236611
63.0097870934394
64.4458534109394
68.6499281047508
54.4258989228968
62.2583385819986
59.5207441711091
60.5650706109837
56.9370771761669
65.7591172326386
