67.9614283394310
65.7582468049594
67.7893885186774
64.2098131926932
63.6549488399539
68.9770565057267
66.7436088633797
68.1445237208388
65.8985856995319
66.7235045702211
69.1305457597276
67.8006073207432
68.2068227145611
68.5299960181716
68.6653802299397
67.1003761152931
68.8085529290426
69.0733313264552
69.6355260349563
67.3350800837966
67.5920808238930
66.5477053242092
65.5657695487289
66.9174869490374
66.5506954049415
66.2724114847255
68.7069845049849
67.3706207346224
67.8868436486727
68.5613912436869
67.7801343624718
