65.2425149080674
64.8243349606110
66.2784589203016
65.6900507057747
63.3454320142528
63.5699194558546
60.1253467477676
68.3590363405920
67.4420745688518
64.0274873596978
60.3672109676550
61.6461549924777
62.6481728218119
66.1747746910798
68.9742847447332
59.6609068420993
65.1312767762589
60.6873373559371
57.2582434372613
66.1132945727502
68.9655171517191
59.6909933728211
68.5356700325767
65.0050529252270
60.8744671354253
64.7625381682915
66.9762581946925
64.1525409626783
64.7509395860801
63.1242860917831
63.2049060261689
