63.7598078324234
60.0893826125442
65.8609388307019
63.0599898154015
58.6753109917315
63.6850805997437
60.4488461686581
66.4305814771131
68.9293902013129
59.2898411981539
61.4171334503293
58.5153766800291
57.7025183996934
64.2834262527708
52.5173322259647
62.5064060678832
58.2766738308019
60.4149002120376
66.5634420526927
60.9051788725303
63.6438708097391
62.5475985945087
67.3358059181294
63.5697798014894
67.8181535467420
60.2035832619550
66.4384086689189
64.2043320912192
63.7132258804854
69.0164632880303
68.9875179157966
