51.9372781708265
22.5910794284429
65.4446444041999
54.2549568339710
53.3376364353575
64.3045175833613
51.4616110719047
59.5666754280698
57.9393288726488
53.7256793163368
39.9343584807319
56.6005499522739
63.8129896066115
4.4204561559732
15.0899526745474
27.7629731549536
56.9046014300875
56.7563126502648
62.7647351478312
59.5758838356484
22.9443132336638
34.7763834867454
22.3812808103175
54.5034214067554
67.1942063798360
53.6203878676235
31.8919421876826
36.0966020505008
57.6864388358677
59.0936641241098
51.9709195886291
