69.3850417628435
63.5252871611437
69.7226905003313
67.9956250533810
64.8027638637270
68.8437887817701
64.9092003530563
64.5088594954327
66.7143401697164
63.6383474351893
60.4408100471637
65.6884696056884
61.9545595186268
69.7703021456934
68.9582810712730
67.0669267082930
66.5662845970871
66.1389322607140
69.4230389020895
63.8036262905040
68.6603683261245
67.1978688429683
60.4802823068897
68.8292000585951
65.1439827605891
66.6322411243269
68.0403721642806
62.7017860539415
62.1015285671814
62.9119924058452
66.6649566338094
