66.9401873240881
58.0697505785977
49.2945947918158
67.0768150166196
64.1881416721062
59.7339030310404
61.0104791311482
55.4740680178479
63.8603210518315
69.0205222154693
65.6249603040314
69.2052100514218
64.4024423126205
55.3598186574814
68.3740709263539
66.4376266369251
62.5403333306909
63.5461251198005
69.2310125028417
67.7572775897879
67.1410145334540
59.8290300262225
60.0754465035643
62.9205675950879
66.9145122688152
65.7572407003021
68.7656692376580
66.5021111394711
65.8865570736917
67.3060219576148
66.6904248205810
