63.0741691241304
63.3884609079693
67.8752269384724
67.1553590071668
67.3793152829443
66.3275516536396
64.3844761588464
62.4193182053425
67.6289944977390
69.5909046560119
68.2061859947864
65.1863752992473
66.5086195403933
64.8175435651956
62.3002058827482
60.7210504335735
67.6640214082456
67.6788266263725
67.8747821639905
69.0642417293161
60.9997653283428
65.3608629771151
69.5280709311849
68.7437411717989
65.0782559422645
64.0389714709989
68.5095365707955
64.4036168415878
69.4538227106355
66.1262659319522
63.1027978001986
