68.7819302250573
68.6984810739336
62.3718856403901
58.6562385785168
66.2027696941273
67.2382982215412
67.2788697101850
63.6195351405911
65.7489202292914
60.0018569631016
66.8339570383144
63.8038660001545
66.0556910410113
59.1398494907480
65.9345219550689
59.0202582083334
56.3122448269687
65.1758196071612
58.3044611311659
66.8620142708603
63.7984849638620
59.9828393151444
57.8225218702052
63.0734872661512
64.8716220048456
62.2169002748713
69.0704230608514
59.7239747523910
67.2089516482987
65.3934387607219
61.9761626984558
