65.5630561471074
68.6037732324290
64.6855270630486
61.0061680294023
59.4702643797459
67.1810958004997
51.9517219537975
62.1052451506785
52.6352104210994
61.9593835931199
63.0548011541623
62.7871710983551
65.8181346898892
63.1192368726874
64.7311429948802
57.0088249495125
66.4600832471628
58.3231319481177
66.8084440781725
59.3269778103721
64.4978309773024
56.5606449890027
66.9332914899005
63.7452401313471
59.5974522277186
61.3997017799442
62.2688658591624
61.1809375467196
56.1583136990660
67.3980328418555
59.2881810969324
