68.2842795188037
66.3260557708402
65.8639819003876
67.7366674097772
69.3942162054882
64.1286497127445
66.3425726972498
60.3054879295059
65.4175193811918
65.4425395325891
69.1049285386045
61.8812929248452
57.9210260034719
61.6466413436206
58.4767724076101
63.1603659465259
63.1113497052975
65.8848891432874
68.1662719378326
62.7644660273302
62.6473664018687
62.9247891354529
63.2195199622997
60.0685239678735
66.5345136583750
66.0059898646701
59.5033395956374
64.7170106426621
69.2934506319803
66.5276055686769
59.6030619095286
