67.3215605609890
63.2374851683048
65.5729325285696
61.4507757978893
59.8478698169882
66.2649309550465
66.2301333082613
66.6523319186651
61.6019453720039
64.3540207687137
54.8961993357451
57.9347064449668
65.7172990491628
67.7096157195878
62.4202103087428
66.1775856803721
61.1859611255355
67.7287984858338
66.2707679872059
61.6969870186997
60.4808954835762
59.9570315638485
58.9699636587983
55.5346552974038
67.2019226045416
59.2643732144884
63.6553940990531
63.9344430267147
58.3193780749988
64.8633382808465
62.1031633899295
