66.7836050897811
59.5542026913459
62.9359852693528
67.9603669445376
52.1189396931469
61.4607068592254
66.1423556307520
59.8488235331778
65.3058111167807
66.2114536779180
67.1908972283123
66.9755461575074
66.5152127178117
62.6525613587317
67.3112374949518
67.2486609658962
68.5629891150670
61.3934023685987
63.9102125485731
62.8716275188217
66.0299787014965
66.1156100364358
63.8307881255335
60.1156638588100
66.1290007903928
61.1550993110273
67.6742070986733
66.8000904240121
64.5555608644717
66.3454131229207
67.3079903199296
