65.5630561471074
68.6511395725335
65.1857211196539
61.0061680294023
59.6285659065732
68.9057273466069
51.9517219537975
62.1052451506785
54.0083200389818
61.9593835931199
63.2879638417832
64.2438782875728
65.9796186999733
64.5033471701568
65.9149522955007
57.3611160118800
66.5711496251931
60.5067737902778
66.9192761391203
59.3269778103721
64.4978309773024
56.5606449890027
67.5723160931327
63.7452401313471
59.5974522277186
62.0340301326246
62.2688658591624
61.6112363930715
56.1583136990660
69.1169707786526
61.3020989526399
