68.7099012542152
67.4798053380502
68.4028824335717
69.5603079115214
66.9332778279077
66.1176687131736
67.2286312349731
68.1964414262839
68.8317443595324
69.6450497029097
68.8091715500418
68.0870449663488
68.0295804231973
64.3081782084400
69.0625829044431
62.4821661720740
68.9906140582096
67.4756146918819
68.9862026167099
68.5992915408936
69.1273192065174
68.6971094657653
67.8202576328190
69.7735650776709
67.3635937972707
67.5925765348506
67.4009088677079
67.2437983445395
66.7481488815083
66.5832370319079
68.0426263792909
