67.2299344783913
67.9935623991068
68.6203437908711
67.0779318355420
66.2408451545686
66.4493532454759
67.0040081210640
69.1981695755004
66.9544150701401
67.0196772101185
65.3679901252626
69.1472020988827
66.2699375029188
65.2396860365310
67.1547273452894
67.1666142079321
64.9068682882478
67.0704091783871
66.2359120192149
67.4722074355767
62.3346797251581
66.8749735190031
62.6312272209222
61.9092458964339
67.2582367382698
66.1973253595645
68.5691574987246
67.0246081653163
67.3997484999688
64.8619390105924
67.6673072215979
