58.8315169074391
65.2094223697626
58.7427999876451
46.6328787351106
67.3627723206202
57.6882010315087
64.5090288418090
59.6661169866031
55.6579385316271
58.4385321450069
66.2420516174406
64.9758367106111
53.0115735486821
66.6396221928979
50.2513760014777
59.6559133274622
68.3171717861784
63.5396789201445
63.4382238857046
41.8410339831564
65.6509085305210
58.8598538135645
55.7841916543559
65.0466514872142
62.5804587431353
58.7666838560184
48.3988154114998
66.5732646760343
66.6960158913155
66.1918310508483
52.7484640016876
