67.6882928143326
69.3585661831522
68.7093697028982
68.9771013311251
68.5211822220456
69.2320902494997
64.2469497453808
66.6252735720131
69.3223243181764
66.4171157952745
68.0090937876544
63.6448689939011
67.3196933672412
66.9325443803346
67.8814339550542
69.2640845035989
67.0917011063648
67.2893199059965
69.1833293194115
67.3307120857064
65.0965302483067
65.1899456309214
68.4138535793986
68.8099677778760
68.1546562256598
68.6437326233330
67.5326875003871
69.4121022187811
63.6926638350196
67.3896940850729
66.9292303968453
