67.6189732801572
64.7187962425453
66.6491179084036
63.2689352453942
65.9682615358850
64.4417071130098
65.1519462473281
64.0777443050383
68.1032205125599
62.5517735864059
67.1640149502181
63.8084907575856
64.1854159724376
67.1787731482579
67.0515727993388
67.0570052510102
67.8739626821711
59.4658049978023
67.6658144444260
64.1532647507047
62.7939684269236
65.8360813006847
64.4257714871462
67.0067710561064
60.1760127852774
66.1606424602680
66.4812679941605
67.3613818543184
66.4354234718411
66.7519224635238
66.1341734674012
