68.5834059074029
67.8817092152080
68.8991501076706
67.7222147284377
67.7999801549314
68.0601421073298
68.3821132623136
69.2204443110214
68.9942915558367
68.6097510328638
68.1746950689419
68.6856596231450
68.7264834998812
69.5347884940570
66.8168709879146
69.1097531498738
69.2138552382233
64.8900987969169
66.3108580771181
66.9154211731713
68.4847646423836
66.7912798856731
69.1264221462667
68.3645661195737
68.2831459529758
68.5605569305454
69.6933085221070
66.0474147924997
66.9121932054938
65.5565001568818
68.9037978411840
