68.3828240725457
66.3587874641245
68.0936342849367
65.1720683295895
68.8280523350944
65.9424090643442
69.7024737227256
69.5913581752608
65.7719002423235
68.6093863719479
66.9962466241802
68.3266252112109
68.6296705217862
69.1989671009917
68.0027670173302
68.6104989272387
68.2931790076279
67.9597018210989
64.7400805306606
68.4268602630331
67.3229628567598
68.7125574094799
69.3785446298348
66.0958347910415
67.1099161525313
65.4126817202742
69.7274340859348
69.6023038912310
68.7267073830189
69.3301787222876
63.4125573905203
