63.6381601650151
65.0378307095029
64.7466007771337
67.1345596126880
67.6926597587553
60.1833414528394
67.4254061762173
62.0519394993121
62.5094873424282
65.6807288493849
68.2686147820487
65.9557441410346
67.4621173300473
66.5078308289018
56.6353158140542
55.7499316616752
60.8334512734667
65.4246450550011
60.8314510092543
66.9368822988460
65.2300072143254
66.2048767832096
62.8307881695525
62.9232915752687
60.3968125952110
65.0323409224402
68.8665708241295
67.6199656376495
63.5066534156418
63.8772830850233
69.2528290035599
