65.7030515666074
65.4316314819722
59.7846382425119
69.6041171508617
69.4939648791045
67.2113403725082
64.0505047799965
68.8767336157309
68.2621045629797
68.2434636170912
69.0372794690644
67.0912679973871
61.2398796998469
63.9463821589685
65.3074541317789
69.0058848252610
66.3931706893669
69.1081328486855
67.1746605489171
64.6393007125678
68.3784791131752
65.9783467161102
68.3563290763233
68.3979847262014
68.3167325215397
67.4836836715940
67.0436773056045
68.3740219497781
68.8027519567839
65.0614871683536
67.9720274754253
