68.6450674005858
68.8038736136879
66.9072367531607
68.0248657021451
64.8380758449380
67.6871835284871
67.7715361305303
68.4965577206279
66.8978142022811
69.1056506083756
67.4761837295591
67.6928484794927
63.2401596335510
67.5973420948090
68.4476869711748
69.0940395984893
68.4050550988562
67.0501407395365
67.5936178992100
66.1186177501403
67.7386875573637
66.4873797894840
66.9202017090992
68.1220140450827
63.5617238790230
65.9765020220104
67.4038114190515
67.4676324428772
67.4362801827044
66.8905830565938
62.2376099765776
