68.7603418790665
68.9016494993262
68.8060191782392
69.0870944854464
68.7921520999927
66.4636318689036
68.5508508806717
67.0588039855087
68.8522932117972
68.4168152163353
69.1590902387094
67.9147870283006
69.5234045718941
69.6486199378582
69.4044710248313
68.5545703674053
69.1764322975102
65.9058749953085
68.7233644048672
69.3755972924109
69.6264712328924
68.6550797692190
68.9736241875890
67.7495534415706
68.5282063028558
65.7504866301469
69.5966276936860
68.8301674559146
68.9587519988918
69.6100656973009
68.7523002945619
