66.3606435458798
64.9932037121147
67.4499973346470
67.1380798910741
65.9408192866530
67.8896192732365
64.5578827650894
65.2987312221334
65.7548782729104
67.7684565288529
65.6727718082965
68.9234766672519
66.4106908617589
65.1698565387417
66.4794586591562
65.8735133787521
67.8642093925501
65.6748137547277
64.1995325556458
63.4527393118987
65.0282405039541
65.9561268572182
67.4324418157745
64.2489142558116
65.1696469095972
64.8544843624490
68.9396457005338
65.6003124779892
66.5518070611373
66.8361630807765
68.1923158799507
