65.1506114841047
68.4879250372200
64.4840531732337
62.3927355101566
62.6458523888499
64.2957184428577
65.1655355554106
65.2102049627863
67.4782665572766
64.7510705042408
63.3237654018673
62.8947572927625
65.9542874395700
65.2893150310947
64.9872455576560
67.1998855127808
66.2684106702885
64.4813626525108
65.1486022369114
64.4705864327009
66.3422895095351
66.9229270622936
62.6721005808532
67.7842212989547
64.2915042010775
68.0077014404996
61.4149735582032
66.4257502468446
68.1432309394443
65.1679514482176
66.3718083986642
