67.2962687417681
67.4493120892215
67.2818656271864
64.4214795253426
68.5848344988635
68.5067040213295
66.4238619239345
66.3413921925199
66.2643421598467
67.8408838574494
64.7597477235080
68.7085848872751
66.9512889550017
67.0857284339140
66.6603271059747
68.3965720405219
67.1368487506183
68.4087642841134
66.5612234344245
65.5366674765150
69.1965115268734
67.4382277767839
66.1947262854392
68.5560333913216
68.9318928259210
67.8567277334294
67.5872747916386
67.0467239848135
66.5006185154651
67.4673786252791
67.4168574995494
