66.9424491644318
64.5862336738048
61.9099409343217
67.8778035716754
67.3641690556132
69.8268765289024
68.5423703253354
65.9174030398850
63.4426296556444
68.3631615377772
68.3265796593991
61.7982693208146
65.2483886813957
66.1725925574217
57.6755759652615
66.8651400926237
62.9442290579467
61.1337948473855
64.5978572461021
62.3675529952443
62.2869417803542
65.8122094838248
68.5158085433772
63.4214997684254
60.7438655900713
64.9221094005444
68.3928173713997
67.9450150380747
57.6054685875370
61.3486980867523
64.9185999076375
