66.5475895922903
68.2906607461949
68.3744392231965
67.9807968669636
66.8355323129032
67.5833273134550
65.2930301841308
68.5090264202845
68.9248987669320
66.2999964533471
68.2013285698570
64.6962673461768
67.4982700923090
66.4520589502847
68.6298535842584
67.6665140666006
67.4692146976546
68.1978734463445
68.6094248669312
64.9030518328146
67.3784140435245
67.7045529041369
67.8208937117162
68.5897157882096
64.8782647844048
66.3048300774838
68.0185944427162
68.3028769792230
64.4902188061292
67.7333474308899
69.0559030479158
