67.7804402410595
64.0730248708647
66.9241198044147
67.5758100455219
66.1896027068753
68.1481325948308
62.7636411958499
68.8451671666107
67.8852594256031
68.0629068778632
67.9423543548193
66.1627154671083
67.6246810957070
68.0975915067603
68.5830584853367
68.4177198363694
67.0086813541853
67.2655116720203
67.0854335630007
67.4857356835875
67.9327442235250
67.9359120875920
67.4616695491373
69.2517881809219
65.4601018004264
67.1703294535951
68.2583420304009
65.3741404025525
65.9029201619518
65.4421809126836
66.9148209524972
