66.3184094939775
69.0254730391057
66.6337065303236
67.8999611640504
68.5434654919052
69.7653397540050
69.0375744009176
68.8835984215490
67.1584650858490
68.0789499615413
69.7785856662693
68.8083105881353
69.2664535462338
65.6603105173757
68.3503355440525
66.8611701337674
67.6697556523373
68.4210774601853
69.1054920293951
64.6769415681768
63.1289123165079
69.2451934412316
66.8578509754641
68.3965479433566
66.6459249971764
69.4200765791643
65.2446108216107
68.3724066433114
60.9452120147504
68.9564023086730
65.7368988801285
