66.6170075439716
67.7437558893919
64.9699370783816
65.7591946931461
68.2976756995231
66.7901217336332
65.4892436873668
68.7977138649676
66.6952100867054
67.2821252296245
68.4402688018765
68.8918477100433
68.7218968119325
69.2393636805734
66.8025035679073
68.6437601939462
68.6020636023813
67.6537835089242
67.7391236972884
68.1486509084839
66.7957274122381
64.9407966225136
68.4612852539690
68.4826663518170
68.4975029671471
66.2600576193258
68.0991222048286
63.4678045127802
66.8997502380089
65.6425899559972
67.3788807304708
