67.5120980365843
66.1487379738833
64.2221606422917
67.4007859478317
66.1099539984407
65.0626020037611
67.4945302776956
67.2564931810592
69.0755161168338
67.9050741969853
66.8923374795068
63.3519764574093
68.3228159762902
67.0489912376669
65.9308263318074
68.6100758282274
66.8535417449280
68.5313536064536
68.0955236525462
68.5404043869349
67.8835553759961
67.2778157414440
64.9122206204800
68.1484204903431
63.1985900165026
66.4950218529717
69.2806619301236
68.7840562414631
64.0532986688564
67.8762351645348
68.2318728386691
