67.0211380590360
67.1107447261792
62.5495828138890
67.1372187121067
68.8268279672913
66.4442336401203
68.5493433530336
66.7260959541464
65.3871742394351
69.2023827971497
68.2612424629460
68.4975971977547
68.2265701751331
67.1054084233889
67.8996726155340
68.4370538159487
67.6342995015325
69.4929303697921
63.1153739704712
68.7328386619091
68.3440129093722
68.2081872480039
67.8724407093509
67.1081875183266
67.5285533318518
68.7686418126103
68.7786624299869
67.8681665380093
66.7472162228800
68.6597745747892
64.6146213958140
