69.3844840206921
68.6397653955068
69.4174860858938
68.1902065534051
64.0278812422370
66.6789348679470
67.6737771371464
68.7543665081431
67.8815451887836
67.2807661491066
68.8278184393496
68.4087601940325
68.3161301346577
69.3091850813636
66.9771252389163
68.5844381259830
67.8088570876536
67.0066515019878
68.6078337569430
66.6931288296578
66.1221075523665
65.9886275851630
68.6087011364059
68.4204855119200
66.7804384035428
67.9608557802935
68.7641533563971
66.9691089788921
67.8277604546643
67.7410887823474
67.1484694404824
