67.7948975282219
67.7143007461381
66.0461955205932
63.6938360184322
65.0182205045393
65.0946612737352
68.5050869941775
64.4860289071613
66.2915676362251
68.7073045123825
62.3062867907155
58.1999538689206
66.2799342606731
65.2619385161699
66.6253911936389
67.5987714405884
65.6567512312410
60.4459277471213
63.7833255710776
69.1962608751327
60.4717868449247
59.6007890979307
67.0989942083937
60.7571044997456
57.9359330761946
64.1437787114327
68.5421407679774
66.3847868296890
61.3281263308661
60.2916670674691
67.6080716993105
