55.2054683298189
57.0590308818442
61.4867701239860
61.4554068723654
61.4081775933876
40.4983516826485
60.2278700771578
57.9144898308286
67.3247570902194
62.7815548538253
41.9728737640153
65.2837879204811
57.5382029840715
54.2024621767903
53.0394406453039
68.9641422546973
67.2917780543485
64.6695096821201
46.2077012758804
51.5669272122155
59.9975775514516
63.7133035635649
58.0209095010874
62.4810138370854
66.8866771050317
61.8990695017719
44.6391161193566
58.3463525743766
57.6348163437855
47.5007461199081
61.7433011370270
