54.8899564942004
58.8340965413905
69.2458158678179
64.5942821463255
54.3936562287734
59.7115343396411
58.3897253815473
64.3658935026495
65.2164107319853
54.3671479280664
58.7159988185220
59.1901185784095
65.3638021566636
64.0879198634590
59.5331216250403
69.5201941917259
67.2199069348306
66.3061068121994
47.6025700129031
54.5903328837823
49.1088507763892
62.4917808244364
65.6164581963642
58.8345341318456
67.8779269380087
62.5271028894031
59.6736286012750
67.8462967427866
66.1189540575256
66.1721309517296
67.1099128224746
