54.5880519722830
67.6704939258669
55.8682741589753
56.6754648286498
46.5545076922422
34.0173608892054
58.6703869022314
45.0146416826372
50.9264923151746
55.8867285429139
53.4154273675851
44.5564350531327
57.2342282838375
57.4768794739043
59.2318414843600
61.3809661655691
57.3140437395321
50.9312177297867
59.6571888504474
47.7178301191088
53.4805522529044
43.8135596949554
60.2407653329624
46.0198042617313
58.0637462641777
56.4576967514562
43.8223756528411
55.5765977197654
51.4947686521423
33.8233563102468
51.9019412482968
