58.5775157376913
59.6180079549248
61.4821604125807
52.2739226593420
61.8681078109388
30.8848383153975
54.2961631643286
45.2920593504858
64.3014536670506
65.0222985146646
45.7698357656089
46.5841125205145
66.2563062098302
53.8210613028023
38.8096990699584
66.4011607153185
58.9147378345123
49.1605298616512
45.7390037757987
57.1759246386494
68.3727439928289
54.2630752181502
66.1434195023428
61.5690299671999
61.0348009906920
53.4152425815359
51.0033051331201
59.2845803168339
64.8141065206360
57.4604977157130
53.4409122721771
