57.2500218486318
60.3267426346318
46.0136863995240
59.1208078867676
46.7415963885926
36.4970724344609
56.4416421483214
44.8434682120045
50.8660171918710
58.9776509201883
46.2413067692165
52.9693809780491
64.4376761885720
61.6652018434163
50.9097566640945
46.7417794476015
62.3584422530296
45.9698077293777
53.7797477740667
48.0978527345147
45.4923863431232
51.7625153881466
51.7990510675562
56.6247000467194
58.7465234546988
54.2506525404086
49.1474413897341
51.5241532718392
41.1752076207019
28.9186785142410
59.1913138525512
