47.5525257082825
67.6337447504757
49.0341187969066
57.4595983302422
52.5860799743819
50.9677251445367
56.6919162513963
47.7519759740902
59.4631350707079
55.7073185527992
55.4369347963284
52.3433005275783
67.6952536551733
36.2622617520231
49.2822077236179
53.0705501792321
54.6031189133841
61.1906112734528
46.1137370297322
57.1996311202727
67.5390044328828
55.8685941662450
42.1196388582279
59.1762058950484
51.8613066550858
62.2379867845007
35.3818543126118
64.1483483759475
48.2936182741033
42.1661923590765
54.9314491388525
