54.6789193350778
67.8437160308551
56.0800155423906
56.7522202767857
46.6037164697819
36.8557857253415
58.7692679838811
45.0557802854389
50.9371711231346
55.9146593220696
53.8474522587947
44.6044539155595
57.3617999979406
58.5798263193812
59.4889786153538
63.2617950988727
57.6787629458994
50.9384241846342
59.6829595609255
47.7268826339484
53.8640034598674
43.9287240482542
60.2513423366085
46.0296400831130
58.0764738350362
56.4989345628458
43.8829202707215
55.6131555239645
51.5263837045393
33.8458347898827
52.0335730420885
