51.3621579353784
44.7791110917028
54.8531671680672
67.6871084487034
31.3208397766578
54.2102610820473
36.0022382869844
51.2461112543824
56.8604204874272
65.7199678926732
28.2364895816539
52.0190269156902
52.6887506628891
65.0351869533778
34.0738505146395
55.8390753600427
40.0960927337928
59.2657561115208
57.0984053799915
33.6387607548558
37.6660996954097
50.4068176530416
45.0930616041797
43.7286621360760
62.5999778471450
56.9225661317185
49.2181518984038
45.7046969994485
45.0530975057169
42.5115189945055
37.2629989702565
