63.4657881247654
46.7520596106880
36.0932507886662
66.3410260735973
62.8952072132564
32.1115824628307
61.7462566051922
31.9982893082679
32.9553976156580
48.0730565204718
24.3662187681086
46.4765641479686
49.0720593875584
33.5598781444148
34.5429239851758
66.6088161987838
68.2354992637610
46.3608742122814
59.6077670835841
37.2159966602814
40.6561657230324
58.0065267395940
44.9857406070209
41.1232568600844
58.8259902209913
53.2072069950600
65.1749168507672
61.8424402987068
37.3962291709186
62.0431011799951
40.9572567694982
