48.2228281801604
50.4865596098067
66.6612925696127
49.6914546463780
32.4315472289798
66.2633955221947
27.6241762726604
55.2396820668696
46.9294231837078
64.3385196909286
31.3375174413589
49.0021197035168
58.2398067263278
56.7721416015829
37.4600755601374
35.5855703669323
61.0984921725800
61.4191938381536
55.5143925241396
65.6373881973094
56.8101682237807
38.1477240753469
37.8812719841909
30.5352629628403
61.8826948639281
60.7555193584443
62.9257021709379
35.5763787765961
55.0000200389012
59.7525720033141
47.6344163811264
