49.3450686476686
58.5319374993223
64.1671755932057
41.1726702270394
60.6703709351563
45.8961942093686
50.5268155183075
65.5749323971907
57.1936754008024
48.7547677513320
53.9791090157291
42.7347231335874
68.4572867624849
36.2149872488389
55.7613113174965
58.4867797612725
56.8613240775983
29.5182051001067
54.6095983898106
47.1225141220736
46.1521552198402
30.6761930142158
51.8883015287779
61.6269743794733
43.2027579397069
54.6248885944738
57.3079565839398
49.0938273963584
52.5234168047658
28.5266074208689
54.3129093475390
