63.3333250009955
64.7763590063015
30.8147122069694
66.5178820904870
49.5586018950123
41.9860956566271
57.7820065755750
63.5987700042267
67.8573481115621
66.0738844721751
40.0117708175860
34.5772752316321
46.7757484877698
44.7096648787791
35.9338927141142
38.5464376383546
47.6890046801121
35.1332092910023
47.7120579290696
48.2794761320579
37.6790911112409
49.9630959412385
52.6772050056817
68.2557931634390
31.9957271649720
43.9714882511388
62.7403583161297
29.4410032033390
51.3191645136429
57.8549908693423
58.2943047950328
