41.9730357112857
68.4463770088091
60.1102286703838
36.4667522725509
47.7326591385134
44.9230168115955
62.3639413987939
61.9264098667653
57.0653051421099
40.4197850016883
41.9116758198612
49.9669635704188
66.8019458837907
28.4750943157333
58.0562709642384
51.5699323184638
58.1978322606151
34.5368849903558
54.5778657219984
61.0441092948747
35.4932859896245
43.2452499247003
54.7391228679138
53.1941560950278
40.8109014498056
46.5923892799095
57.6924822300052
67.6403775946248
61.7422837914275
44.3778143797059
61.6396311175393
