39.4527721410988
56.2068343913643
59.0275814270115
52.0553707738221
66.7519127317538
58.3972811213773
26.7752919169921
43.1871448205874
62.9052440918148
33.4192167154519
38.8390970543239
58.2969405122977
28.2572441104998
34.6506211116946
63.4722439579719
52.4841665255261
34.8192640717006
25.3416697106747
41.7141815759880
45.0142309962829
41.9765567244330
51.0428087829808
56.2916512661335
29.9843335163660
58.1015438830679
64.4395313534337
35.8880369114820
60.7740612420897
59.2617917649745
52.6570781520383
48.2154687911998
