63.1533014312297
54.7881887197646
62.5526308377042
54.8473700881750
60.7785625190312
59.9445756989976
57.4625937429702
51.9998214417558
66.9101588094836
62.5039174051270
58.6667203437135
56.6345398214390
64.9736507932963
53.8071310723520
63.5526939671896
53.9982809696518
55.1382126462772
58.6273915515235
40.4604840403994
63.1910256239233
48.6840705829735
56.9308016127711
64.2582240487656
66.6140950607567
52.6164174580130
49.6595635170085
55.8204740606563
57.8176635365697
59.3895698582670
62.1755009662435
60.4215256013762
