63.3845160129607
60.9257588423099
67.0206304262325
60.3398924546560
65.2214811022458
61.4518761571045
56.1702565794797
34.0366520334320
62.5311112985842
37.4473824775311
40.3529387584590
52.4986256308236
58.1129617061059
41.0824063793067
64.8916286167714
64.7400407770114
62.3279141413708
68.3058705379110
57.9468055136457
43.1731608810928
38.1931725187894
52.9934704591469
44.5042005150591
41.4003873859743
66.7238944958279
68.0621128311561
61.2819933128807
60.3773064887087
66.3023134629698
55.7806621868301
41.5497599304159
