48.4356515731048
43.9763120232627
52.8818497724246
64.4355318149771
56.2086623985127
65.9109720466466
35.5305515446772
63.8006527874456
68.4719769407505
55.0014296104773
31.6635829382034
47.6451780936170
40.9694132046901
42.2948582982161
39.2953888231483
69.8672576872478
38.1121308629128
48.2442767138118
53.7558636940467
52.9416594354214
39.4387869941675
49.7761677893829
61.3456702130153
48.0015788737048
65.8156266643702
66.1270369186471
36.4675845105059
57.2013356922354
42.8467683793052
44.5205826730843
33.8834478091263
