64.6261829830049
67.9750611796087
65.1938459014297
68.1714570156051
67.5229292888959
62.9062163619321
66.6891489562004
67.2905418727911
62.9038903814941
64.8032136566686
67.1872887691800
68.4777162458813
68.1490369219343
68.9734764829373
58.3682876664069
68.8500451001363
69.2583646173016
60.2707272650696
60.7400921199469
69.1038262381425
69.2354222988460
66.4790102990503
68.6009688895706
68.3948820913235
65.2804911479932
66.6107958856711
68.9959046639698
68.1099699803973
68.5995029078122
66.1929713125184
63.8609580015522
