67.2167869727161
67.3985379913314
66.3486127908717
64.7391218383305
69.5225109764851
66.9852570740081
68.4544585294146
66.6189903649004
67.6086447095076
66.3065418958032
68.0360344428383
67.7474569523638
68.3755308565307
65.2907207644510
66.5123898443872
66.9147991297980
66.7029839215931
68.1093536308386
67.6495694425125
67.8844586341684
67.1905818056345
68.8184685075536
67.8889134492920
68.2733230259943
67.5432518746941
68.7443847222119
67.1759441923876
67.2071905446447
64.5076871171805
66.3640993548525
67.7450485022800
