66.7487131100578
60.8590971269247
68.3543568605367
65.8170405843973
67.9063159073772
62.1016074013718
66.5064035361846
67.3798471594523
63.2666652973896
65.7413611313075
65.3357504099131
68.2181312106824
66.0017234139151
64.2471339716655
66.6822264987294
65.8514419084314
64.5657035142492
65.9845251799510
64.0786136556216
66.6569458661700
64.0805325918300
64.8219127634936
62.9088000173930
63.3088780157189
65.8934954805201
65.1881217808686
67.7384370567867
68.2248087574314
67.5939476833830
64.2898872435466
61.5191865167706
