68.0772512239585
68.4851261924368
68.6986226108959
59.5190371746581
69.2412238945928
68.3633272515826
68.4431312563909
69.4888343983992
68.2340108364675
68.8610491668080
67.2643953655705
61.0940187143188
68.0610154832378
65.8641893246822
66.7060328145300
68.1362326757601
66.0005373905951
64.5396765715031
67.9782737974559
68.6099341665320
66.3098118248666
60.8633600858476
62.2063333980872
67.1976159674139
68.8180174678451
63.8038898982720
65.5676753892769
68.0819007975055
67.6495910759213
63.9006066783321
68.0728890831795
