65.8737276817816
68.6866704587942
68.6986344944315
68.0004005491510
67.0160945660518
67.7572749857552
67.4382792274232
66.5778831135008
66.9023893946977
60.1333284103903
66.1810082396679
63.2889942137945
66.3706374890339
67.8564681319982
66.3151490222384
62.8610259609600
67.5090285781969
64.7414652196122
66.6424835225258
64.9827747161645
68.0673170638155
66.1713763603526
66.8161674979081
64.2233937438330
67.0472764919662
65.0802781515362
63.4053715661007
64.9695656181628
68.1032921897828
68.1677291585744
66.6866659070938
