65.3813876546446
67.1688584082197
68.7565136335796
64.1180483748230
68.3161044745062
67.7192750498712
68.5573421458728
62.2100302316679
68.3698252916314
68.5279298123122
63.2419638764582
65.2329637231919
66.5694277822522
68.0388342460564
67.8035940276104
67.8873448421121
67.7164881712504
69.1713952488184
67.5519383711816
68.5842118984055
67.4428989015045
67.5799926293470
67.9292142812074
65.5967841229245
68.9909810952987
67.0547646310262
68.3721579374489
65.4972693911461
62.2537424574119
68.7447580351548
68.4598432415829
