67.2037497049077
66.6132214528062
68.7890824297305
67.2083698967466
62.6605741596063
66.7272643513289
62.8595122296627
64.4023316423316
68.9892866570286
68.6980426351181
66.6518509622232
67.2629450395692
66.8347136702610
64.1408792076166
65.2694212820193
63.7379935322770
66.2650849652336
67.6928999261546
66.9384774153209
67.2036212079013
64.5083294372878
64.9591545438156
68.0951137861418
67.2136263157183
68.4533476617245
65.3036954271964
61.0869484805332
66.7247148446048
66.2336778469604
67.6611876134849
69.0411696143590
