66.6324971655344
67.7166362151910
64.3706607841918
64.4742360110974
64.3589000646013
67.1361242503351
66.7465469858485
66.7602181319009
65.4894470164539
68.1797248126873
65.7542051101037
64.7107698241416
63.8946684378650
67.2800195240749
66.6838411363302
67.0244537223922
65.1592256154098
64.2999383682371
66.7253831622080
67.8251085145273
67.4589748798613
64.2836266687951
65.1445635764625
67.8197330124690
59.0272902512031
63.4529727644818
65.2220049435407
64.4001576373252
67.5134489332198
68.0068953691808
68.2708572095159
