67.5663007768488
62.8980916922308
67.4866977174340
64.8802585162927
66.2084382932626
65.5161757984198
65.1542383842502
65.7331257247470
66.9283238360314
68.6977722892460
68.5038271736759
67.2759103486968
62.1011224780940
67.5654595521597
62.6794067149058
64.7517315488530
67.2436765691828
69.2044106501630
63.2767817323131
68.8029867798348
64.3955511611597
65.7559016843866
63.9920426943882
67.4120552562613
68.9501194508975
63.3791453809193
64.6108208029637
66.6961881004604
68.2453926162649
64.3533026750972
67.2651029834344
