68.9703661741859
66.5817713579283
65.8847627315129
64.8580879035819
67.6853454222794
63.9801392560237
68.8861791914437
68.4564552204033
69.0753733643797
69.2420217373745
60.3146375322979
65.9414704811941
67.8315937104021
60.0644927584913
65.3229510078037
66.2268557379900
63.8226610573701
67.8489267794260
63.6656965023173
65.8324432165988
67.9273876566874
65.9670148964854
64.7814775468137
68.2959241791927
67.9584708240014
66.1371037357503
64.0178964452159
62.5965723743660
65.2629367676011
63.0453166719647
63.9154957311843
