67.6956271176867
66.2638907426196
65.5983485119632
66.6943626281623
67.3602091962850
62.7135745172129
69.1672612215214
67.1457787817198
67.8337612654684
68.5291111083227
67.7604691459030
65.4945478380291
66.1207733855432
67.8298390843850
67.6278137251909
66.9015180948603
67.8463567730153
68.1893732333698
65.9486559560777
63.8171012684003
64.8074920203408
65.3764530993525
66.3991036877161
66.3263505205140
65.9000391287810
67.4298326891016
67.8183598183829
67.1076894760806
64.1377388690358
65.3529895953745
67.6664533670767
