68.1126004376492
63.9397755838150
62.0809402652972
67.3830783268653
68.2310976354647
64.2907307646002
67.5169608486251
66.2882027406180
65.3966727168456
67.8239912348016
65.5595462716350
68.2405637796482
63.9993155154264
68.0247383917272
68.7306071131243
68.0006039720838
67.4160852587805
69.0909788455572
67.4531972359407
67.2630010952039
67.8488235383656
68.0413891574691
66.4306045087556
68.8742639927281
64.5496470404570
67.4736665077471
68.5086917034417
66.2175922605489
65.7312923098797
68.5613993670712
64.0882576839279
