68.4513534182725
67.6318946101796
65.4070050693834
67.0770364999902
65.8788689565474
66.7837750706495
67.7636406156957
68.3552948514399
62.7504870748044
68.0312362387827
66.4367713280070
68.0515794188504
66.1744622672847
60.3337217740053
65.2506991072154
67.6848037630557
63.3138204136586
65.0663728425182
66.4871220799708
68.3991871512803
65.2177353989455
64.7178335699154
64.7935590641813
64.1636267755828
64.4385420890299
66.9483829315422
63.0640095353781
63.3780740242710
62.7405940117354
67.1908044002557
63.0490115239263
