49.5463176738537
49.0270543239151
36.3721321828741
38.4075127403053
44.2621568370580
59.8998878932236
52.5931046195425
45.0608967793109
39.5377280425685
56.4497546479742
47.9144813747381
45.8428911224661
56.6421105302323
55.6702860768187
47.9562695138938
37.3663133983360
41.2080974676995
33.4154884048295
61.6603398813582
61.6868475231099
54.8821338809243
43.2503213826420
35.4493067686378
50.4767607263259
54.2881195930485
31.2740050754663
48.9437907187850
52.8003792650274
31.9755649450126
34.6772462235940
49.4404615243268
