61.2881356014934
64.1198427802471
51.1382077924116
60.1624763404941
55.3218092058865
60.7134376427799
51.2749913072613
63.0382999885145
66.9346822428111
68.1112436556008
63.7775281655678
58.3017343735337
68.8551909627876
58.7543967275997
67.8876461931194
44.8441643278463
49.6381949566645
63.4124913216990
66.7053182410018
64.5685531589811
61.4360002214269
66.0205832468141
40.7276497929756
55.7567649137507
61.8037738313211
54.1831533968163
58.1481615125035
63.7486941901268
54.0044182202091
65.4339534974427
66.2773186203245
