42.5587819203080
55.4165393406122
34.2117871718754
42.3640052458311
49.4641991714879
38.7399862267346
47.4701752515711
55.8790860308250
50.3235758668509
57.5490601877427
36.4897814204813
42.2226941497672
45.7391872464786
49.8096146388398
46.0014278653720
41.4224786666744
42.8477572506135
40.8727927809995
38.6703310827540
42.8588321108911
46.2978967862203
44.7245159869719
43.0013626947384
41.0681940946125
39.7020793224494
39.3343807559076
34.6433292906072
53.1215407942259
48.6639406042307
44.3031653099705
52.7911808305601
