46.0116484402916
53.8383014368389
47.8147850800844
47.8348056564080
43.5879704499263
33.8480423544907
45.7742334692613
50.2905841571626
39.5973936586235
64.9452579916021
30.4560589451735
28.2189281428056
55.2838724461344
55.8121132384005
34.1610577881675
35.8779095543106
51.9639747923330
45.6849258512921
45.6059427138053
44.8461149083885
45.0372346394759
49.1935835215166
48.5687224408031
52.9346018921942
33.8066411480723
26.0276715168691
41.8050931308979
33.6076819490826
35.2159920605076
56.0563508057741
41.8625143559997
