54.3375061133483
43.6374307896256
30.3901358135378
34.3939098591956
45.6993694631249
53.0647645886605
55.4657415494295
39.4761655372157
52.9417947915332
62.2297539560210
36.6642588939732
46.8380594736738
49.7108017515056
42.5809497057196
43.6124288671192
44.4848927888093
32.3063965699099
32.2584680646342
46.9674914091122
59.4714904166325
53.7828619482765
50.5446405242976
42.2662350865968
36.5081363845121
32.8643388125369
32.9646468262888
32.1939357236128
46.9606183394617
35.6262247368653
33.4313160976310
47.5758722859839
