66.0942047740095
61.6805625984955
62.4369976952616
68.0102916322985
41.9417056712777
55.2130216835989
64.3816394138492
64.8306775384002
61.7262687236077
56.6040497621776
64.3704242795940
65.1473489480332
61.2722007645703
61.2869904856177
67.8027091167210
64.1943065867360
65.1070722832944
59.7227429446098
68.3633785947282
55.9412188601954
56.1796170451510
36.1781980944245
59.8872467768148
67.9690504836514
52.9408117806841
68.6231604473593
66.4232214251203
60.4187520768660
68.3196126914271
56.6903744594500
67.6720580627608
