45.7102627497982
67.3044437590865
56.5338263006947
69.1034772984995
63.7389179797267
61.3300397582087
67.5753503528478
49.6287939435710
66.2721839890347
66.4935803967244
68.4377907444593
61.9228396750635
68.6164832507324
65.8362922404228
63.4378173745564
67.5237583397865
57.8205579369658
54.1562509882834
58.8622744569786
52.2246399693974
56.8848624665911
48.2841283257805
62.8680099612246
66.2674685995193
60.9371759717477
62.2548123209449
64.4293721234421
66.0371817148753
64.0660575595748
69.4692756233294
67.9846195572190
