57.8559720017547
58.0900092239246
65.0717241766080
61.4400387178343
38.2533781350612
64.9481356430407
62.7678527131055
68.3930522256327
58.7092376258462
64.9140812905271
61.3277133774426
58.8706275747439
65.8722595904060
60.0379590815598
66.7433114581487
61.6158682250947
67.1290174937505
63.2070015945511
59.3853123668611
54.6212074108727
61.3967163912521
47.2927115211817
60.2977096793482
62.8272145198218
47.0295305498511
63.4405574179063
59.0494914399069
64.4421581670990
69.0343998667946
55.7375721224151
62.0654770309779
