68.1200988953741
65.5579731950573
66.6169367640963
52.2973707155108
69.1067219476536
65.9104388677132
62.9525781269216
63.7762519594976
56.5251957240232
61.3625439564636
64.3415461556576
58.5430640752123
60.5296388625604
63.2639850817870
67.2146037101472
69.0218826982653
63.3042710849137
51.8394832320398
59.7501473400499
67.0709562439172
58.3241448601422
62.2713560893261
68.3976160299969
59.3482071151035
68.0759266109958
65.9141140298905
50.1969954120174
57.8584975896022
62.8386269530812
61.6216475501006
65.3721211276769
