61.7720334128774
59.5359916892993
68.3060046989218
52.3894900619703
59.8705800320163
64.8103733363823
68.3447633211404
67.6007653923697
64.1898803996913
68.5517276158038
62.8896730619102
61.9465187485745
60.8164543494929
67.3289409747334
60.5950895976190
67.7470762190542
64.7786879038262
55.5831853870238
65.4523643804843
63.2852170799426
62.8353085095609
62.9087601826328
69.2836722826239
66.1349375947104
60.6206213949975
65.3465349009459
51.0424673016307
59.3362429676263
63.7438258763722
66.5535988438780
68.4364603335489
