52.4357550719117
45.8528760503598
48.8294699366162
46.0253044173325
64.1819210346884
57.1560989882197
61.9026261946342
49.1634413930816
60.8890273272755
40.8941308436621
41.5593536565822
63.1594983514609
48.5793710420528
62.6916933091372
56.7741044175529
58.2128967501779
40.9715373124092
44.3521646772634
46.8922034466716
52.7318780742354
65.0632651736807
43.6773525001537
64.4982632971375
54.2097475143893
45.8796144950294
69.3580444764300
63.1602307321492
41.8899054133016
58.2010935656063
47.5381103586556
49.1705589224082
