65.8810324402915
46.7329989490210
61.3526400389014
59.0529015619408
35.7391154269151
56.2631155532794
66.2474760647220
69.5903981840547
49.9860733993694
67.9384022329118
64.6847984044670
56.1203358165087
62.7382619545714
68.8833334214487
66.4787843893648
66.2893672556005
67.8018582178932
66.5349148763421
54.3050255287834
61.1949010728051
59.1317869825383
54.0017858935216
55.6352435840071
67.7796600977393
37.6267109102843
67.0864454411890
52.9746207698764
59.3149471799207
68.7650134048475
65.9651225781015
67.6150007829089
