62.5734385639507
64.6669974503628
47.7898790365043
60.8700754678079
64.7561554006046
67.8548569849993
68.2111481569923
62.6887791288539
37.3089049106738
57.3591524219711
60.3025942577650
62.0359337497374
46.1150798488808
67.6829511079936
55.6730968326400
66.8955599789862
60.7816364227172
59.9655424611298
48.5113686890501
67.9882415415861
60.1492833746480
62.9261992704492
68.8298183941432
64.4237059847970
58.4365867822742
62.9736949479588
65.9517838413916
49.1903879349775
64.8512730376137
65.5507522057040
63.9508327662600
