63.3481460304269
56.7178837114958
66.3541712126863
67.1703149471829
50.0179127056979
54.5511131932048
58.0764168658091
66.2842484832047
61.0648692728211
48.1508215300910
62.0954240116374
69.3766462767215
60.3924618192353
69.5747720601076
65.8972810934587
65.2190805239300
66.1540844258455
53.5226832313362
67.2175516546082
61.7402189539865
61.2885726194938
52.5939677028499
63.0959642736859
65.0349467017482
44.2148021460354
58.7940214691862
65.6473116808800
57.5926137506449
64.4221885303185
68.8979320718153
65.6235728573197
