52.7984144682428
50.9305160736699
55.1517844438124
68.6222536286030
52.6804918911080
58.4283748955257
62.7998674530282
65.4555066537819
55.4310877935337
52.2594997269778
48.9062842024672
57.6816299244481
53.7090135894899
65.9339215466403
50.3475110392043
59.0915466173080
56.3694498659994
64.4723034277056
48.5501873055415
49.5979878683820
46.6638270742849
50.6995197131111
45.3125640173439
61.6995604553803
46.0560922123808
68.6043971892680
58.5087373194373
53.4220956132404
65.8764327960111
47.8925969930308
45.4528313351432
