68.4421992978957
67.6163245781662
69.4794421998999
57.5424927238491
55.2261234086988
58.9735676658820
62.6648941589446
60.7066073451319
46.9385320780402
58.7970649391027
66.9014176542050
63.6052208560525
68.0012661655130
57.3304451676276
66.1378255791516
67.1310312993904
59.1730006771298
65.4106100981740
51.2818098371303
54.9481577432260
57.8904317164328
68.7322396669196
69.1548794658086
57.8086494989214
62.9267584329385
59.4278451054749
65.2829798757346
66.7329956488215
68.1805414020251
56.9645427883070
59.5057716997350
