65.7598484111164
68.1146746021715
67.1292179550584
62.0420404851233
38.2391958142640
51.5532380801619
55.9822887757617
61.2906272153591
44.6236601258865
61.6542903996405
59.4462985856791
67.9841386877937
57.7832592431939
58.2581834101167
67.2626607945005
66.7458804795871
64.1783101433246
44.1740103368594
65.0712052939747
59.2814048456402
59.0960242201558
49.3102798502340
55.4240654776736
55.7187532731406
61.3748141992754
66.8840865572467
66.4550673697124
57.9219848218222
51.4291866606980
67.5010008318758
58.5307219160353
