66.4039232755235
61.6901815287388
63.0267912902918
68.4527298845334
43.9220681374834
55.4242668052711
64.6953405858952
64.8581648062746
62.3240335449391
56.7140959720145
64.3704242795940
65.3126113153303
62.6881185352430
61.2869904856177
67.8027091167210
64.1943065867360
65.1070722832944
59.7227429446098
68.3633785947282
56.0760092382078
56.9117481028430
46.2884718930541
59.9049792830056
68.5400605680123
52.9408117806841
68.6231604473593
66.8540614378829
60.4187520768660
68.5614227859566
56.6903744594500
67.7613190571060
