61.3426942841893
64.0685992731215
59.1143901011294
63.2983396082630
61.4595544866575
57.6920393131198
57.0959922327108
53.3751643428054
56.1498748900409
60.4476420805522
62.7305265370861
57.3207942555844
56.5483871706656
63.7387165844360
45.3443923201108
61.9875659807231
63.1062481418519
61.5536618530424
63.9886944173876
59.5606072224360
54.0200063883357
54.5140313265983
62.1057892696835
67.6666881035468
59.6318716659249
66.8796599965714
64.2754200003720
61.6034800099277
65.6176235435001
64.3353054868177
59.8450074489387
