65.6085034711999
60.6181355371333
66.7347908976226
68.5118007185717
69.0163957498173
61.5198358418721
65.3174497207048
55.7397474313005
64.9250451160124
64.6385029175560
68.9604508997968
64.3901342492761
66.0790405593707
62.5198915261728
67.3640819746165
67.0280246656969
66.3791495083226
69.1413637070742
63.4621609607304
59.1346595284054
68.6967433104376
65.4144367860460
68.3440128907435
62.9408458180233
67.4967837925165
62.9305566359719
67.0149415861468
55.3296366965361
68.6648047535461
65.6555922905537
62.8087682856056
