65.7444825388614
66.2046254201321
68.1920903121090
64.4735946858708
62.3568903452525
65.3499836641350
63.5784116885517
69.0894933647276
63.5400812589366
64.0745530320212
64.1084334736498
63.9681544971506
67.1901605911352
65.4298289808211
68.8398420483771
61.2386387065519
65.2380770001538
65.2400193554770
66.1680276293575
62.9071986505892
65.4991383516099
62.4440362117176
69.5432111147544
64.2976516050470
63.5800066809740
67.3800987191367
54.1375854809946
62.3160975355363
67.9720267722416
67.9319245717083
68.6762052609554
