64.8911306796513
61.7078686651070
55.1027442460387
60.0232041894799
52.2575996837008
64.5516416187642
56.3504738260400
42.0905917969941
58.0683712103215
53.8535075314605
53.2766613763124
55.8658756647731
58.1748360341981
54.6250334915235
63.2958488257184
55.3287387274193
52.5457733496395
58.3858238311962
52.6691910001202
62.5481353653589
44.9812169708080
60.8615090002400
64.0213906114143
51.7186337152120
55.6254725796700
56.9115230597284
56.6770094175537
55.0505354956972
52.6034580582394
61.8216297234371
55.7718176850764
