56.2868191152767
63.9475303271379
64.6428307976332
66.6415352322219
65.5247571163151
64.3666880547626
61.7492854387168
59.5884727072838
56.1404307678694
63.9978625453285
66.7731077815816
68.4600102841356
62.9713281902577
58.1115055745300
50.5613808626205
64.5833828092438
62.6110839573050
59.2730348036408
51.4252202060956
62.1818766842128
59.0691158748632
61.7766766748301
66.2257009566139
63.3661475378049
63.2026374740287
65.7430482464454
56.3322089625226
66.7322771586091
58.3711092428457
60.0087968401237
61.6017884187496
