60.6482117349310
65.7509424563851
59.7639070896836
64.0323485496227
66.2246487625096
64.8364388154445
63.3106915341086
64.0568265853633
59.3855492844136
68.0417594262745
66.8049498939508
58.2370402832224
59.9298086849221
69.2246074878816
56.3611534249355
58.3830728857936
62.8355982757386
62.4872954551465
59.7023103890667
64.5563529117047
56.6240203584168
59.8898321492348
64.9763932942757
61.1449417261399
67.4788324872803
58.2991077995961
67.6821620166774
65.8887146525628
63.5192735211600
64.5988253037237
67.8264011167048
