68.4846280169242
68.2403357261462
69.2664204245720
69.0711445117522
66.8974449111000
67.8439507815417
67.8293194592036
68.0390806860496
68.5268710559314
66.8457705594316
67.6040359450421
65.8864157947914
66.2916831943418
68.6619015202009
65.9748652338675
69.1886680794665
68.7768017238264
68.0825964196290
69.0470712358830
66.7466864166816
68.5990703643187
67.6491497603680
66.4596173790471
68.7775974781963
68.6850531568684
67.6271568650862
63.5365537905343
68.3205578041109
68.8770106455023
67.6406772130437
68.9192915008936
