69.3985119990898
69.6185935824860
67.5594123185255
67.3185602625217
69.5377541359666
67.9590834452355
67.9021784659476
69.3371424205352
69.0318484913162
67.9802969937272
68.5966786423958
69.1244785070902
69.3984098403653
67.8599258092916
68.6654464154406
68.6832821349714
68.1480603207670
69.3401364137472
69.4415645719127
69.3526173598670
68.0800637125166
69.0955825733980
68.6627584866327
68.2850813378609
69.0165265329690
68.9862899823589
68.8341464887539
66.7944653914234
69.0494611666181
67.7946191453985
67.8891190647951
