59.0967681959425
65.7115790261173
62.9958145070507
63.7959581313690
65.8986951383016
64.7096715027359
60.8800755656106
63.4330700463702
66.6926835185916
59.6759695395407
63.3351855000247
66.8192693888078
59.1741405060025
68.3018629747870
57.0109295813199
60.4128036341090
63.3271902683458
65.7947469835316
58.3022616164241
61.6027399278815
61.9711762463506
59.9535497504493
59.1593437360362
55.9094165783763
58.5040363039503
64.6169653868629
60.1860434863785
61.7497128162076
53.2234749300293
59.3212719438384
64.2843569733236
