67.2812513763685
67.0075290084008
67.4720984495878
66.9723449398001
69.6339818796338
68.1917018061317
67.3904157420195
68.8161534506758
67.8390419832502
66.2188293591087
68.2952476852730
63.3732392117809
67.8118439418639
65.7568404631672
68.1924600887913
68.3050783937927
67.0517153529810
66.5189294921863
68.1122162589693
66.7846000240902
69.4764726090491
65.3785755290365
65.5489954843279
67.4680792884240
68.0945392343479
69.1308538583920
67.1953973498315
67.5446016198378
66.7663090572801
68.5070951623133
66.8238248841362
