66.8525491077524
66.9537585175725
68.0629649267011
68.4848537840798
68.2902840966765
69.1860896749114
69.1524291042573
66.0420923871420
68.5201102899653
68.8749712075187
68.3498566684785
68.0629031264273
67.6251154070882
66.2020006520994
69.1866431260068
69.2119562243261
68.9813199911379
69.2227859445825
66.5826781679500
67.2780595360167
69.2240972277047
66.8948490774921
68.7359087924697
66.6999623165270
67.9477953076274
68.5705819754497
67.6304149516828
69.1488539071808
68.4211952704488
69.7716917374732
68.7944657184770
