67.1888070424340
65.9455229330479
62.6385792550335
67.0776031482359
66.6322856127846
63.9463597555853
53.4896510647461
61.7061127534788
63.8117347315242
64.6112539864111
62.7077442409458
63.8845124174155
65.2163369329004
64.7224544458848
66.7671669267516
65.3967706633908
65.1395997124768
67.8754093904110
66.9709053523258
59.1708637373633
65.8134771995218
68.4010044172698
68.1338740099127
66.3653380402694
61.9510369900720
64.1813143702072
65.3298039533018
62.1726529319135
68.4739930258927
67.3056594591589
64.3028185105787
