68.2768274508124
67.6613695856744
68.1957726440426
68.7952465785368
65.0361811627806
67.2321059051134
67.3009458865440
66.7042765329417
68.3276355283033
69.0454134241067
68.7742120546900
63.4216749221722
64.7166469852252
64.0856061848670
66.8221257925673
65.6952795841627
66.5070279980557
67.5671230914289
68.9842582285566
69.0722017343607
66.3843078990111
65.5731704511969
69.2865285872024
68.9543277815704
68.0614184097244
67.9189179732138
65.4011386259988
65.5174307076610
61.7769710236172
61.3740700675187
67.0705726109782
