64.4153507971403
68.3033842518137
65.3666045641721
68.7912846195166
60.4896165535478
67.4590471896076
69.3767061533411
69.7158156748617
67.5394211658081
68.5114661054371
67.6926892903258
68.8394786614327
69.3737543090411
66.2750462347487
64.2332673114420
69.1403459791799
66.7271686555527
69.2128266035184
65.5800220683421
69.1883378908009
69.5115809487559
66.9860715188251
67.2147216694230
67.9139259091007
68.0884801143444
69.1367684537586
65.0675034914677
66.7077247300014
64.4716078428326
69.5379024212321
69.2938811470787
