66.1323405048482
66.6112270145812
67.9036368344336
68.9417996779585
65.3151273091803
68.9132612839126
69.3189243745760
68.1774349622765
66.2629514958926
68.1629086486033
68.0557672315255
68.7437697639712
67.7579726527923
68.9949940130139
67.8981849053707
64.8790249502251
67.9572617828087
66.7755334836565
68.2327468188949
68.2571129295268
68.5536752050980
68.8092657812422
69.2130579532436
67.2283035027404
68.3474909454636
69.1063086879588
68.4867392809609
68.9190143557065
66.0068718126820
67.5114763928161
65.2744450055598
