65.2830748498777
67.8835528814005
65.5296276599553
65.1723426149223
67.1881011267496
66.3966081481717
66.7322722430687
65.7806468772297
60.7814351514244
63.7347863355393
66.5097641301531
60.3786506288108
60.5463931646514
66.8937109187832
62.4864272480387
68.4227324837567
57.0773640623390
63.4593159037004
67.1521143852644
62.2699516288532
64.6649347097038
61.4798182346255
63.7661259762333
64.9172028288201
66.3586605162733
67.4833656889318
68.0010045871770
66.9047172593826
67.7237128736211
64.5583359266089
61.8731409494944
