67.5362890462905
62.5192114569920
64.3873620598911
68.9274084822823
68.8050447065658
68.9112514743747
67.6665513352614
69.2866262657006
66.4563118459366
68.6896144417904
66.3528334403781
68.1002325118680
66.3184632909931
69.4105209992216
67.5072895078383
63.7701162927025
62.8821542727945
69.1916918039958
68.4606902478181
69.1552229074565
66.4997634375108
65.0641870791646
67.8507777114207
68.1975245945841
68.1760190970791
68.0950454793708
62.2224926988981
57.6102277910345
69.4057370372649
68.8209742262557
60.2639909478956
