64.5559544275834
69.5897768458231
64.4501861748737
66.8888881872528
68.5454907294818
69.5068829873972
67.5367251989703
69.0236663983985
66.5134944776241
68.6060479434655
60.3611622785377
64.6851809093889
67.0398336467762
68.2986785078779
65.9733565243582
65.5132634662717
67.5016900797957
69.8478113317122
69.3872493779097
66.2698551009648
67.3468376193130
69.0013478538608
69.0475030543940
66.8466238789560
69.1177302196013
64.6028488343624
69.3783980749473
67.8824760260313
65.4169946974440
69.6164078487186
68.9944061766852
