66.4807729810171
67.8927020786313
68.7933511902429
64.5148382934264
61.8348497146560
61.0587134968661
60.6774236422384
66.8508560842065
66.4499037789418
68.1567574638835
64.8995333726009
63.4916761147941
65.3684588662494
63.7263977900510
68.9249142208061
69.2815196669030
67.7329795680682
65.0632227841498
66.7120792698609
68.2490001939451
60.0336805346355
66.5732910809306
69.6225728915186
65.9584092424913
68.5230896165669
69.7553120185202
60.7260958859016
62.8865224251218
66.0703019788156
62.2957994633647
69.2818670448326
