65.2466317042103
67.3189632000439
67.1550700865199
67.5585189659001
68.9506642455986
65.7717912427216
64.8249368786408
68.8136566118514
68.3028097537868
68.0226955087369
68.8872107082072
69.5064613142067
68.9269496570132
64.9320782577915
65.5815772620217
67.9305038800481
69.0263756906422
68.1419041318247
64.3944099164682
67.6366040510148
68.3929266861051
67.0643167190783
66.6589945640477
64.4021873976210
67.2232696487873
66.2461256945543
66.5070030822047
67.3329379100933
68.7787417747638
69.3337288447803
64.9792690114771
