66.7818658772309
65.3813956440877
66.5571888051795
64.3444243475057
63.7495260532735
65.1774430573216
67.4237297508384
62.9158568501869
67.3035357952222
67.8584179099626
65.1646001613472
66.6531283260561
65.7054635374400
58.7775336706933
62.9081914560399
66.0950673755056
69.2704318442407
63.0552843009173
69.0512843354739
67.8274879838188
68.8073100210961
61.4711217392777
68.1920514525941
66.3367669952980
66.5258697398809
67.3133231726005
68.2148342030758
65.9766803381616
65.1058805026828
61.9323292283767
62.3625896559286
