66.8760619825458
68.1838806583102
65.4678651461106
67.0000880400463
68.3583742709380
61.4761722249492
68.6950121805801
65.9919907720774
65.5284303493384
67.4453356656395
67.8438517696808
66.4053652338446
67.3759268809344
67.5051478927293
66.6959371080145
68.4817160972667
68.0599413528969
65.2345744901718
68.8164338873502
66.3284848224867
61.1340264720616
65.6579484610292
66.1529510783856
66.7883794534719
69.2587491848399
67.3180243414096
66.8253175027360
68.1103946533167
67.3261407310400
69.2045242368068
68.9876371333681
