55.1315414998570
64.9594889590066
64.6178690905353
56.8259875662931
65.5244035462508
69.2301681396330
68.7905238783694
63.9819934283539
63.0829794629574
67.7064560410548
64.3863343388930
68.8611000479486
62.6691161260006
63.5233081342063
68.0792483814361
62.2524861212599
68.5529210773690
68.2885427400594
65.8131073871931
62.4796777657920
59.1098903258629
63.8809818271405
68.9041361129603
63.5518207766421
66.6741200841988
63.7674010384390
66.9407853710846
64.1378126348892
66.2011869106962
68.6441923278381
63.9617685043126
