68.3284187141341
65.5659260195612
63.5349202838431
67.2956711655447
68.2563562055818
68.3005271315350
66.6651640436998
63.7873508538389
67.3783034033761
66.1146552852607
66.5090797597856
68.7125578910677
69.1476820216080
67.1355221920582
62.1297412196166
60.9755023829717
66.6151667756634
68.9419495952811
66.5613267322689
65.7946895132416
66.9790521750557
68.1675409291683
67.0599927848843
67.8419922086027
67.9818719404748
66.8356630893664
67.8867750528096
64.4889183494776
68.9275543730605
66.4852639649005
68.5903898420533
