68.2775504237451
64.8909943224988
69.2939133690704
68.3642142774350
67.1901034900645
69.3574765500082
68.3150141205469
68.1861553373733
67.9676745866988
65.6967289289455
66.4566856980853
68.9101512281299
67.2511146070423
67.2087016047035
65.5464511643110
68.0480737557573
69.5123562781285
66.6956359112417
65.4259210871329
65.1202251835999
66.9324417325349
67.6164378170855
68.3892549068078
65.2800473525946
68.9162436923032
66.6402411978637
68.3663178048269
69.5381085357307
68.8029589886767
67.9897316920749
67.9566291681763
