68.0787560280964
65.6953956650974
66.7182177103844
67.2118677563604
68.6472720973339
69.0768984663090
68.2551636641115
67.5309151015475
68.0159910573604
68.4944795824997
67.8361024437885
67.9136126514272
68.2986295049504
68.7513458073168
68.9820789557936
68.7450454708271
68.8592570500646
67.4955026557621
64.8370832967269
67.6131263436150
67.9788543232912
67.8633752512869
67.0979733493873
66.1812269557399
69.3658257267368
64.5356787269326
66.6990231463096
68.8351617861790
67.6626629464109
60.6833096633899
63.5784953711346
