68.4745128075953
68.3469112823654
67.5951907935306
68.3050221847154
68.7677270764661
68.3096405511154
69.6757128625444
68.4916426559020
68.4639876735268
67.8951641634582
67.6137015480008
62.1290733069478
67.5397780597596
68.3373778381669
69.3289526674528
68.4799630083202
69.4962660730168
67.6864950979259
67.8774294750873
68.7118269840453
66.0513474166792
67.9147293680985
68.6114474440180
66.4796796306905
67.9328173557220
68.5481823812873
67.8616331170200
65.3749901810154
64.6416125058993
66.0384594225454
67.5600601780511
