67.6974181091103
66.8689091091365
67.9287311428395
68.6952708014229
62.7235842264855
68.5365060401430
68.6792160947076
68.8509435373687
65.3275371135128
68.3890765466228
69.3116547345534
68.0574864721401
69.0278134132290
69.1338455121415
68.4865152610045
67.7957026105567
68.6077656139692
67.9246439167042
66.8786813008760
69.2466872369007
66.0896255248811
66.4911617800221
68.5464055604462
68.6635003903497
69.1965220860840
67.4406548736058
67.3782562060555
63.1800945397281
69.1859255772160
68.8602690208149
65.6273873310116
