66.8470397789741
68.1773689094002
63.8513076468314
67.1930961438060
63.5611809009320
66.5571095622197
66.6696671733611
66.4279522593297
65.6447104045449
68.2495121540077
68.1097182681101
68.9542313725181
67.3686727136950
63.5618672170738
65.6296823080679
66.8218449004620
68.2496256616203
66.9201296273453
65.4140973118847
65.9171545058810
69.0973804591817
68.3748907288648
68.2101212110849
68.1030348181115
65.5843265108149
66.6543767596652
67.4060573566712
64.6795978228657
67.5281712778388
65.2816835313560
60.6070479511930
