60.6732705774334
58.0669012201091
63.6296692112090
62.5749539797198
63.6710472310754
68.6772012616383
64.9814092669898
67.6879765563481
69.4205217490590
61.9992193030204
56.7127437110460
61.5373071570487
69.0717805473375
65.8172176378695
63.7707350608312
63.8285786072499
57.9016158830316
63.9758565291313
63.0434067381896
59.3491002508630
65.7804687557277
62.9239094925917
63.0812095666069
63.6824467692522
63.7989249246605
64.9964211582855
65.0458046742049
62.6607355499453
59.6341067422219
66.5384516247884
66.7648795542871
