65.1039196620433
68.3390971044615
65.8333520100583
65.1847519940360
62.3099632252397
61.2029601392563
66.2962202548880
66.3773756078431
65.1878268938438
66.4418121488969
65.3539994860144
64.8895089371036
64.4127203104887
64.4952140200496
63.8288287635487
64.9434365461263
67.6988932595569
64.9846043835001
67.2351161044092
65.5171186375024
65.7671856290699
66.6154670696264
64.8397839704410
66.5185070012861
65.9743260469343
63.1400136378687
65.1163943788110
67.1781831260563
68.2430237221980
65.0310796483896
67.7398490187379
