62.1546007178721
68.3615899330653
68.1804134816303
65.9742093045448
68.9890373821868
66.8350527874238
64.1723606801975
67.6197498857419
62.9091495713646
67.5931002239233
68.3824768137790
68.3620224564656
66.2706058958898
67.2652306196243
64.7576649707242
67.4461036061484
68.6234611287535
65.8745480151112
64.9465561550085
65.4702986421437
68.1448142743986
66.3463102373494
66.5406841108844
68.5871615817258
66.7945591487788
64.4882544134841
68.2985403183022
67.0642095061059
63.5400083764545
67.0136225507291
69.3824503066750
