66.0570363284962
69.5038312208326
67.4102576469262
67.7732786903893
67.1204719927129
66.1622902865357
65.2828953071667
67.6450477507508
68.9899450568785
61.7059279756459
68.0508745470626
64.6420709556833
67.9679273097271
68.5045893846044
66.7315376869839
67.5263597088234
66.7025577778188
62.7665176525647
68.4757253212764
65.9401187660933
68.0008960636845
66.3838368738988
67.6934720217344
65.6574224206310
68.0793142580257
66.5927614980369
63.7585854226280
67.9880101181054
67.1799351770818
68.1798527114207
69.3288398619739
