69.2308819297867
67.9537867862880
67.7592335713065
68.9093775227549
68.7632772857672
68.4032368551715
68.1102767086716
69.1007926187898
68.9064766484095
69.0978854478709
68.9666215835472
68.1285611549363
66.4478860600190
68.6482064847656
68.1876885855706
69.3186142547421
67.4915615202459
68.6095777434372
68.4993037835671
68.8194160095571
68.7400146839943
66.2796599457183
68.1156972644683
67.0431489409142
66.1917474543885
68.9737969553275
67.8227924428895
68.8587492770438
67.2885000456120
69.5016982999347
65.8782980496886
