68.6321591584636
67.6904880234736
68.8001013857743
68.9315935084310
67.6659757325110
69.4664983337253
68.0000451127668
68.1293556841834
64.1388691094210
67.0521593185017
68.0014632693146
68.2639427729645
68.7850725705494
68.7376830977481
67.4950806952951
68.4849614763862
66.2063942799336
67.0879574708777
67.5241415123261
68.4473983341560
68.6932149563850
67.2117358463846
67.3046998069325
68.5266772839936
68.7456813427487
65.8935099415136
67.8479881183015
68.9314016012699
67.4419359299821
69.3524929396256
67.9837604771430
