60.7133922556917
58.0781092875180
63.6296692112090
62.5789146155572
63.6889401479117
68.6772037276771
64.9814125941967
67.6879930135701
69.4205217490590
61.9992208266876
56.7128766032022
61.5375637530775
69.0717972990986
65.8172333312407
63.7707357768875
63.8289542133517
57.9074108541837
63.9794123390983
63.0434067381896
61.1145590006362
65.7804692908313
62.9319253702940
63.0819750606099
63.6824542698485
63.7989266753751
64.9971894564725
65.1083976702934
62.6619420109193
59.6343168484652
66.5384516247884
66.7649257297764
