67.9919931023329
68.5714898166385
65.3739104842573
66.8133142432511
68.5096418734942
64.4130133702485
58.8570299254819
62.3984307281737
67.0003952480894
68.2771544854263
68.3258457849753
66.4600440180373
64.7075122934267
66.7856385547265
58.0365680668829
63.2701946529669
67.6905263286835
64.8501139210817
69.3393547753464
67.0025604225055
66.1718703035020
67.2762708184534
66.1674353832859
68.5426320900254
67.5187243294745
68.0568203136363
64.7311173010035
64.6172650703388
67.2047962682346
56.8548832092127
68.3466648821880
