57.5865288856200
57.2668337047358
63.8258566976437
68.8046611372863
55.6042460592738
66.6502154156529
63.5657682625025
68.9921404747642
66.4027203072008
57.9624765343516
59.3713561274180
64.8705917528742
66.9637192823450
66.8232504778898
50.0338099954628
63.0401076015215
61.2947479907184
50.8272224431375
61.1105467406005
67.3997504646940
57.7211942566990
67.3474182560696
63.7819042146142
57.0992379902490
62.3620764446971
51.0991004655025
57.3127060647696
67.7540729638392
59.1555237130448
56.6583498993807
55.0078893234483
