57.4278265205432
58.2162676588828
40.9920797649661
63.8510035680177
29.0931389577095
57.7664398569454
55.0666332706508
64.8332283314518
68.0098737483076
56.5284727849651
66.9459281984748
67.0030848059530
63.0012933458287
64.7992398400126
35.1703890019860
51.8901909517503
53.4147904401542
45.1708081550252
62.7731429147700
29.5376062298453
38.5585713296375
58.0774112381716
63.6989160709679
57.6624840849374
50.4255824116532
47.3673429317301
61.4588167717044
61.4142148631192
54.6012474660491
33.0845224800375
48.3210007598398
