53.6071650036415
55.0031698370319
55.3711989637235
51.0854808763797
64.6799605859862
63.2945410653592
61.6478776445526
65.3413154815364
65.0696955600456
64.4166504792911
64.9501888665300
62.9229569176751
66.6859774798656
67.1126836148151
49.5973461997438
64.1827476532261
56.1579460250261
52.5418826090515
63.2396739486901
63.9309072264466
58.6674024076583
55.6981156623461
63.4451072136924
59.0800823110227
59.3266386275636
60.6221777696393
63.1857478312795
64.1210217811654
62.1805461553645
54.9409855340765
62.6482802624132
