68.0052736639478
68.6263605658315
65.7840678151380
67.2561385388090
66.6923533286527
68.4630229184796
64.5924618358437
64.4271515458682
68.8361892342210
68.2858723856920
68.0557498893272
69.4386168410366
69.0688470770072
66.7058071990849
68.9568799041878
64.1459615267859
68.9660954357269
65.3106451405192
66.2976867934714
66.4511727600748
67.3338491668286
66.4757448929874
65.8157458403336
67.1476456437700
68.3917908059731
68.2420400100250
63.7342129776111
68.3177431225268
66.5563827765644
68.3436694535645
69.1428487359067
