5.9441584409732
56.7503184291030
24.3508405020114
37.5852851163516
48.0454005233206
25.3093180444610
43.3345517358361
61.0883010523237
58.8062976286523
44.3938895371105
48.7217350249180
38.6060389473668
53.4307648222830
58.0020617202441
25.9298727211114
41.7320590447091
46.7028844302670
35.5868509256719
-10.5311535836339
53.2187178671196
64.1634832573681
43.6866999783917
50.8888073165494
30.1194088614258
58.5182442260862
48.7024760678993
66.8060746088421
43.7981159022749
48.3568313163954
60.0252952630805
61.2872729339658
