66.7724007975602
67.8513680660175
65.0355394992355
66.0825760157625
66.6089964351654
65.7868665782322
68.2307430925114
67.5103670068063
67.9197299848367
68.5133519432165
65.4411531954124
68.0169914477776
67.2678790880295
67.3074585478638
66.2174147267713
67.1527682388866
66.7335508383757
67.1986793511783
68.6955513033384
67.5628745292083
67.4096930701907
69.0170291701661
67.2309058373349
67.6180005791982
67.1401220297837
65.9310177510758
66.6325577907171
66.9636566530642
65.3480976515000
66.1417563126418
65.5832199983919
