65.6646827663052
67.2994723543148
64.1263654547842
65.9004461993839
61.6433153526472
64.4643842895045
67.3842749927623
66.4379566541926
66.1929576718753
58.2329131005669
59.9142774687862
64.4196318395250
66.8641954313681
64.2271863453345
62.2496287097613
64.0237851398091
65.0785511616058
65.2675768032639
66.4256809962940
63.4840742678515
56.5718677814396
66.7323570926681
67.4031616104046
64.1470724584042
65.4905978379320
67.0906854463575
67.7712233265305
66.0590050966460
66.9331042338763
62.9317436007323
65.1932094286598
