68.5799893909305
67.6502386136806
67.5202043086937
64.9755198269544
64.9006495761827
65.4866509589879
67.4353819269417
67.2111640867445
67.4826875290836
68.1788064059245
67.0435901095028
67.8999273493530
63.9675739199002
68.3052757631936
67.2546239054838
65.9696469050711
61.4446032814761
67.6195543656784
64.1991372111595
68.2804949275425
67.5014629284449
65.1972013597583
66.8546313590433
67.4038620926700
65.6912057425209
68.4081506017510
68.2757232669453
66.8936559693466
67.8530574396169
68.2388648065301
67.3203391519192
