65.4919187302554
66.8239449720061
66.9146983047631
65.7881387436097
69.0931631108078
66.4368512979220
65.0191148705647
65.7463850770961
67.3560143950625
64.7253147469844
65.0068562027178
67.4627460607067
67.0158918416657
67.8493136666122
67.9406313143613
66.3995175459053
68.6588668521957
66.7396685223266
67.5204148225208
66.8039869899871
67.3219731656508
67.7248192629599
65.4910389709334
66.2118845060257
59.1385930037678
68.1315989408388
67.5734409138414
68.0031306398449
66.8725797822006
68.2347818542303
66.7302568648433
