64.8121656713955
65.8931953578505
66.3255579221897
69.2051681179530
69.5892718084778
63.2445104002957
59.7970844963895
67.5118985229452
68.6534224731662
69.1415647349235
67.8825031093614
69.3223688803112
63.6506095533356
66.0196397838090
64.3340214989969
67.9050382523121
64.7874597425220
67.9528195016511
67.3953452902729
67.8004072106056
68.8781816693271
68.3251662340776
66.0571676297376
67.2927904674794
67.0848886865878
67.0966225735531
64.5814039833761
69.3383635955577
67.8522065235671
65.2709595347797
69.5892881918915
