68.1225338803848
68.6533875659154
67.9759850815428
68.9075908878588
62.9769004489007
69.3646328722899
64.1146762897459
65.2973225937804
68.0733930466943
64.4878044595104
68.3735871200804
66.6932709686461
68.4730338675593
68.5155650302192
67.1486394920836
69.1507192452651
69.2375219833867
66.5688007866855
63.0765304429585
68.3763809700727
67.5275344962168
57.3972259862274
69.7264707996600
69.0764271712771
69.2543813969171
66.8721728477848
68.0431576987024
69.2493006014747
69.6884887869118
66.0087022677222
68.8008517785617
