64.0680758279389
66.5512986766880
66.3182792733616
69.3200338229528
68.4110270418325
65.6906577233458
68.2274294243636
65.5094616745397
68.0593221289634
62.0310184274425
67.7782629623595
67.3487883835142
68.4886013924273
69.0930965799647
66.9775001592636
66.9806433911854
62.2724559963113
66.8012813253139
68.6476064796614
65.9776204812995
68.0103879690716
65.1078730830376
68.7420714589270
69.5290344654402
68.7879929889875
61.9703849055693
69.0686656056688
65.2939332784132
64.9048457352143
68.0737596229495
67.2239159205933
