67.4783058493869
66.1176041649818
63.8623233511142
66.1979142445172
63.6604498726805
65.9539333054892
61.3937494270938
68.2301821702032
64.9535849770989
62.1560836179648
64.9767847138150
63.1340755432365
61.2286195108028
66.6407024436576
62.9545462777629
65.5319639178842
65.1795087762865
67.2969787457440
63.0737548646528
66.9785527387714
63.8319172081747
62.9245296859999
67.5784106511264
65.3549452802944
63.7600346449477
67.0746133748633
60.9776419153235
63.0921645316757
67.6349286672288
67.1985607484715
63.7446342200543
