66.3226086829344
67.3614172660070
66.9994397382912
69.0700117682812
62.6339140571909
66.0216161019018
67.3351282966998
69.2475551580630
61.5591860675481
68.4208296338354
66.3264269236925
63.3966266350224
68.4716641487621
65.9962910344050
64.4484293373017
67.4927029307132
65.5029882802700
67.6173000321792
65.5095042268610
67.0172607464236
69.2899513639598
67.3995085140926
64.1802968530997
67.5699026711457
67.3977446998365
63.6903703699643
67.8257879494710
66.9491539710744
68.9314826785532
67.7967113481954
67.3469646428880
