65.1462230904710
62.9936816707270
62.5018237710567
67.4483297090498
65.8019371851623
64.5730064952832
66.2895415498970
65.7080988694407
67.2483759537471
65.0066699282474
68.4369856645626
66.4428678113404
66.1728109071465
68.5938536090044
65.6709810821622
63.5722093067866
63.8451442198017
67.1319946281203
66.6743586561550
60.5591662177907
66.2691131860290
67.9616927893003
67.6854722063888
66.5863327242405
59.2855410606265
66.6635580801121
66.0826188176140
65.7724926258734
66.0397608674584
66.6050636931807
63.8247306804946
