64.0327133315969
65.9864729223651
65.6412420847131
69.4726684301589
67.4541240475385
67.4149914003392
65.6499266235526
69.3288545745525
68.3711662525918
59.9549145446223
67.4521763664674
66.5631942956497
66.8357489558722
66.5996823256382
65.0215208914262
67.7004720452887
62.4610460702366
68.7979289946369
66.4069715547868
64.6236473552199
66.6357931295363
68.3610696779970
67.6799330137855
67.1975520079363
67.3898786973096
68.8897107502767
68.1993314564695
67.3419594427843
66.8366093849893
61.7502640630416
64.6705386270417
