66.1748500605922
67.3632290591981
65.9723177051641
67.5147722350627
62.2339622460168
66.8939398535421
67.2483235108321
67.8189327270888
67.6039861735801
67.6479894864725
67.8232954753875
66.2996493340772
62.5467134601937
66.8733533663037
67.7735846715454
61.6162832848738
68.5266733144690
63.4692311676262
67.3361310627477
67.2498972968129
65.4997951890827
64.7310437050302
65.4534329460877
68.9398256156399
61.6628150156375
68.0945878422721
64.0410216433806
64.9626280751138
65.1608132928682
67.7398181785230
67.2390627044421
