63.1425002352027
69.4338825628610
67.7404335831780
65.7133384451147
67.0706174000229
60.9398331207124
67.4252687172730
64.6559183991361
66.9002779036118
68.7845243726826
67.9134153900332
64.9991507438795
67.9672109401227
66.4054011062276
67.3539910378137
66.7949445295314
67.3542717683938
67.7458131237033
63.5571975782819
67.3765342728690
69.2665623933561
65.9389806705942
66.7728073446378
68.5149017532842
68.6399096218844
67.7266031909557
61.7638349813810
67.7939898239935
67.3260449216726
64.3479877598038
68.2382820659619
