69.0414279110796
67.0186625697474
62.1747931101022
67.2993408102199
68.7789658977862
64.4437806704067
68.7760077653953
65.5629304283599
65.9926938018075
65.4473773227240
66.8235552840827
60.8270195126431
68.3034574296400
63.3870712751936
63.5782551351323
67.3974699795331
65.0408627288413
66.3271435821604
64.6223919206663
67.3894852585028
68.3392574767295
66.9756031734845
68.2997489689103
67.4899596911270
66.7050140993666
58.9641959532059
67.6401903101322
64.2323560563579
63.2365053337651
62.8085021078547
65.1664444443065
