68.1180316515731
66.2925428619109
64.3419729144824
67.0208448992381
67.7181646061861
63.3662362425458
65.8854254049782
68.5219353036966
68.2119930175372
62.3675160389289
62.3261334344104
67.4403181476289
69.6535187020434
68.3233847901652
69.2105912470693
67.6610765082488
62.0829749935935
68.0476382872773
68.6785347753750
65.3691795844692
63.7360132556074
64.4001135477483
67.0130569999475
63.9782800540565
63.1149652135605
62.3938313409719
60.1808285513261
68.9936581899079
67.7278601242158
63.1701736185954
66.3605082262413
