67.9073958670802
68.7966266876282
68.1079759826788
68.1527383445527
67.8654916232552
67.2137079256457
68.9277755188030
68.5673258966872
66.9150217845828
65.9077900817380
68.6438642662903
67.5999609076910
64.4802960164564
67.1359535660018
69.3688323299888
67.8833269098928
69.2835468554105
68.5651384336117
64.0518595611699
68.4410075080938
68.9136638081323
67.6131050321284
65.2597360835390
65.2047266176526
65.1609774918003
64.4210419842925
67.8820393933065
69.4845639003350
65.8968579809768
67.5757198264694
69.0415503351379
