62.3828445991201
53.9438050282196
51.2630925970473
51.9257001872673
56.2038931595412
54.9252854586363
62.2079517550538
58.7145865788066
62.5826605304122
62.1976432390182
60.7536451375034
59.9688458055011
67.8692145351002
69.6016132705002
60.3486789762211
65.1243385016894
57.8583330274023
57.3688929383137
57.1820990419718
67.0303885871914
68.4014899557313
64.8240689971351
50.5614096406875
46.4414632915318
59.2905385072333
64.1644643753782
62.9068559016194
63.9444857181273
66.2168125586460
59.7421607591271
60.1244793176436
