60.9748208285844
60.5991297727970
52.8740587038812
54.4808245094289
54.7639623519776
67.8365087878756
69.0007461141812
53.6541249433826
48.8436886119920
62.8282808576837
58.2471936999290
54.3655011860404
55.9210781305842
60.5934648188035
53.0582531652119
67.5242116464713
59.7637862252451
51.1260912237363
64.6383127626331
53.1049650785013
55.6670258186936
64.8185233274608
68.9850847492840
60.5172732822121
58.4240138855607
64.7204665347568
64.5797085306586
60.1661881804111
54.6596287862255
68.9431699226126
62.5274879284883
