59.4084348232232
65.7262516186803
67.0631061417663
66.7414715078307
58.9768466352494
57.5410852089621
38.9034396696174
65.4518168430145
54.5822605441735
43.7689846491628
58.3264610885633
64.0599794558833
60.4084332469706
52.3790491261793
62.8767425169381
64.9236593393091
67.7007538630840
58.6591184509550
65.1245396967993
51.2735444525568
53.6231769376627
59.1483981944529
60.0968584782620
60.1995730985475
44.7968337139988
57.7486567920033
43.0908205690542
53.3488325475303
48.4322956436974
40.5072819684121
56.6539603597843
