68.5987505029857
56.2384724611068
54.6043940399075
47.6462638165223
61.4772577901888
62.2922405100824
66.4116740917079
60.9330991825453
51.4037186568695
51.6329414028688
57.9956650463694
61.6861427230513
64.0815398346325
53.8315553725421
66.3425592891819
66.2646439764049
58.5412950941587
62.0922511005375
57.7422060192423
58.7549361469372
61.0486723649084
61.6348255632363
58.5598610173952
41.9736210420694
56.4767248567985
63.4048910215922
66.6729949416330
60.4643132874905
64.2981123110632
57.9853657468691
67.0565026173692
