43.0479022577202
57.8411364339749
50.0715862423157
58.8943085894348
59.7008557164512
57.1803493022412
42.9864766409146
66.3913888530663
63.5076373292264
48.1288777932024
61.0461333129759
46.4807969806088
69.0550474738963
66.7543292345480
63.2597349584629
68.2619736605526
64.5948964211681
52.8822250856504
61.3276847481020
61.7385906933460
67.3982083666226
55.8083450426472
59.9451421084880
62.8053896523646
60.8948522038025
61.0000613352445
60.2974107069181
54.2037716744921
63.3947448102572
49.5281844205446
66.4105679916217
