49.3635337175409
63.8047052084534
51.1881266382716
65.2699593497268
65.9341606011455
61.9349934912686
64.6750751744465
57.2676927291895
67.9873750941769
56.1222094787424
50.6028220851570
63.6746387045727
43.0335861915305
58.0266202354205
52.0326936539040
59.8930121208320
48.9231984376382
67.6184316392805
64.6820304600823
68.0925180223993
58.2335223537723
67.1483192070001
67.9075459225619
55.0103461830541
65.2976326279852
59.7134789333557
50.8873498680166
66.8304632310771
54.2244225152704
60.5551054904709
57.5927930921857
