59.5576743042248
66.3778066868299
69.0606736568191
67.0824036906001
59.9470665921496
59.9682774774026
44.4325856162770
65.5043777572906
58.1332514510718
43.8300970814274
61.4095909412791
65.0677217505624
61.0195846838081
53.8760298730008
63.3711845352270
65.8645577261732
69.5765244170672
61.7070471036419
65.2664768256801
51.7868749920110
53.7339713792953
60.8332930354076
60.2314921246330
60.5016308981932
45.3553244976076
58.5126568259443
56.7182902188425
54.6571949684596
51.7982000256542
43.2827347080164
56.9558000958819
