55.6093732302368
53.9418512665565
52.0505299549225
59.6958832010146
60.2554100802173
65.8619236060738
64.1850764887723
65.3813238477719
55.0096305530078
66.5112266835980
49.6213338435653
48.7542629153450
58.1744380120363
46.4745294571113
66.4720554695066
53.7407060700428
60.0385231408379
52.6436313283966
63.2074612887833
57.4545276293290
64.6911157968256
57.5662349163533
63.8548606162195
65.5277284200399
57.2480573766570
59.1292325962335
56.4247842044894
59.7658268684561
68.7733532631917
65.2219781338580
57.1193721776425
