49.8605805180260
58.9582158357756
69.1050694011591
62.0210357521657
68.4994981448414
65.9766201316265
64.2213098710480
60.2970629130571
63.5211252168734
52.3098529668098
39.4256255011024
67.3242208746052
62.5680356570315
42.5097668329180
53.1182331587672
60.9586869068980
56.0984506280776
41.1533729694599
35.1701141558693
58.3761971269071
61.6201823392365
66.3245715158789
58.5811352569520
61.6873380771827
60.5967066354638
46.5602453665910
56.8483214867724
63.7594572534069
53.8449690977063
60.4794793807555
65.3494231505083
