68.6803232371326
68.9022756606494
68.0958474007442
67.2075795663482
68.0565570333884
68.1507346180951
68.4458954952167
69.2716236361926
68.3396497910575
68.5854784567307
68.6921777849015
67.8188866082453
67.9166157373887
69.1766632481408
69.2489302848614
68.8433996414065
69.1164822017642
68.3875131969018
64.9576747689131
69.4590933427438
68.3588552243493
69.1197380297349
69.3384243932741
67.0893825080194
67.7754004539405
67.7179532400588
68.2691695307605
69.1152990496396
65.9573169888812
67.6695215192776
68.5791831244858
