68.0124228021398
69.7358330342917
63.7514422597702
69.8629987936667
69.2759364885702
68.2861682926598
68.9508515373597
69.3761096695623
65.0151247758504
69.4178847081905
68.2965171819930
69.8684788172793
67.5752698707881
68.2282036002521
65.7080820410123
68.8487750461512
68.2544518894547
64.9966761154437
67.6759338291681
67.7963503437203
67.9657667713490
69.8333188031498
69.0925928213576
69.2971545976252
66.3699843690451
68.3699489246663
69.1884113940729
69.3242254922424
68.1259160667209
69.1657419916239
67.7106339836106
