66.1598675626505
66.9662056502612
67.8683715339822
68.3959748140798
68.0749181471662
68.8421275147916
68.7233410685786
66.0711624044087
65.8772426130483
68.4814408288086
68.8709204526158
63.3675263872866
68.5688473124689
67.9199001288230
67.7148173950511
68.3187894840386
67.9495730845151
66.8164461817551
67.7497270261025
63.9806944875343
66.7307013247877
66.9293126401287
60.8182162837669
67.8728410344614
66.5095935955534
66.0832714452627
66.9739504959138
68.6060370609550
64.8888965777253
68.4652786880428
66.3168201950672
