66.1334628766824
66.4829124134774
67.3734325416306
67.6753468392807
63.7470282946628
67.4678713033951
68.2130347673638
67.5329867637611
65.2486771754847
66.1035263710244
66.4678949743315
67.3750648200558
66.3045222785859
67.1075867052045
67.8411315190225
67.2792134831747
66.8809329619385
68.1121444720700
66.6778645092173
66.8672737580462
67.1063795220857
61.9178824148966
63.5600906145245
68.1917563357085
67.6128281793787
66.9696586055403
67.0435173471410
64.6494785356580
62.4797613839677
68.1516271867085
62.7213062131076
