67.4023191502080
67.2632896887650
64.5753705493515
69.1163879698774
67.2007503203713
68.4629238779009
69.1754839298134
68.9384231047151
66.1676642113673
68.4463677715053
68.0330022345944
69.2832530078178
68.9624881071906
67.4125745282674
66.5998963233482
69.5088169119747
65.9895706579048
68.1871112590728
63.5158899436935
69.5898035005829
68.8285557439392
68.8418830983749
69.1210960679628
69.6035056910670
65.8212830333668
66.5927001383665
68.2149066158626
68.3401985509826
66.9716197972413
69.7110407482844
69.5177562803147
