63.5368258040054
60.8500577721331
65.7092195563628
59.2295781070429
66.4457408137856
57.1483294159988
65.6327765295501
63.6527342269447
65.2101093258442
63.1876044961887
68.0796202765880
63.1411111949279
62.3225147877421
67.2733760300101
64.6435101469415
66.2465780094222
68.0355841340148
67.9592640127868
67.1655743693332
69.3518034407882
68.1028849402607
69.2245854658348
64.4857457784365
68.9033704783751
68.2671931032210
63.2796776222784
67.5624930846700
67.0083357449721
68.0945998940982
66.0994902769266
64.5650483183915
