67.3645039139903
64.3134304374988
67.5636368830571
67.9162484403756
67.4572112631006
69.2944475054820
67.9495496132862
62.7545327726337
67.5520762011945
62.5621422669404
69.2569086475005
65.7435645460451
62.4780785731569
67.0823211498180
67.0958307597504
67.4679896397377
68.6513389799756
68.0321867971333
67.0856660184873
64.2239915318995
68.0546240435105
65.6557035450610
62.1609994641459
69.1950869861632
67.2960024441291
69.6340104924176
58.6759428666354
66.2621414689111
66.2619765751495
65.4815882594991
59.0227433550093
