66.4850684917762
63.9918701771822
66.9532498189041
63.8120525451753
66.1795771160949
66.3374187187771
68.3979952629505
63.0688113260093
65.6366354943503
68.5369542487380
69.2355928283925
67.4112752919529
66.7745813182156
68.8451223446732
61.8998687615908
62.7675756288303
66.2954693713590
68.0345528436713
69.4665831956887
59.7656635188425
66.9861090240854
62.6375988359198
65.4562600343314
66.9153422827808
63.0079830270685
62.8617471994805
66.0028386068910
67.1489975167859
62.4504885837011
68.5844559870505
67.0867432881133
