63.8257515746548
66.8828783363013
66.9409084800944
65.9042572139670
66.7593334952124
69.6239227261324
68.1104783500637
67.6351230501583
67.3687999809546
66.3553646408255
66.5529966546980
64.9374885334164
67.8373578384958
69.4536462255996
69.2457018527935
64.2087791279879
65.8324701499900
66.9887127911663
67.7709578483013
65.4531053127874
62.1471714217948
65.0389884950008
69.0764598041904
69.5113887058957
62.7955178693898
67.0576852406641
68.4777482983227
68.8281360083881
63.4923267637004
65.2776096870991
64.7054786539533
