68.1351173341142
68.0535583330274
66.9295644901833
68.7750021940948
67.3991224140431
66.3937566907799
66.5006827164533
62.7466903633891
67.7002904012906
68.1599995649352
65.9315820673586
68.8044107157563
64.9710038132790
64.5687698533666
68.1459545984052
68.7356849470468
68.8219614819459
67.0343715897760
63.8624398956455
65.5382643745562
62.4752842432147
61.7798736975253
68.7564826801436
64.2797987648873
68.5730856839432
67.0250692816098
65.2633251829768
66.2531456922549
62.4340448495924
67.2306496018101
63.8511974091370
