56.3179694187214
64.2929787501102
64.2511314964105
61.3221172535048
62.1546241535735
56.8928495310394
64.3120354313501
50.0539173890223
61.3309491432978
67.0290280388864
62.9709296146562
64.0703499251571
65.9518136453241
64.7941091544409
63.4765734820633
66.8632847258942
60.5174083966981
64.9966610373402
59.6459269628942
67.1919319110787
52.0883496130478
60.5916751328560
63.8952379668021
66.1447590260835
66.7339377484423
62.4508381056980
65.6811401968818
64.3415266109157
60.1178413569660
66.2467095819959
64.8783233913247
