67.2292821517801
59.6512827933468
65.6714946078395
64.9866165421207
61.7462319821982
52.6699337226890
64.5282727449936
53.3919764068070
67.5328502089877
52.7945103444339
63.0660574997596
63.4681220817140
68.2708634585838
67.4153774926151
66.6808852487017
46.8323253560600
63.8162104031944
68.2238974624569
66.8215508110199
67.4407776072088
60.7678820052885
60.8459655252930
64.4305256608999
59.5888691503259
60.9922300987730
63.8111152969282
53.7556154585134
63.4016322007663
66.1581046109169
61.6190867806781
61.8704264263018
