50.8560400003651
21.4920016496002
12.8484918380465
53.9056085886655
63.2866665667870
64.9935214728390
47.2985569358951
59.1495131615947
53.8788820149187
64.1523746355739
44.8324398008916
40.1544828726650
19.7846354233596
32.3560837904856
33.7563754444796
44.9473767069882
24.5967867282962
29.5583621298584
50.2909120031846
4.5770037575172
63.4483049495217
51.5806174283374
-4.1846795780780
56.1240250271501
24.5808591015986
0.4872608292301
63.7297117687881
43.6183781231440
28.0602741952628
57.9454342468360
44.6297662036275
