64.4367663883681
55.6160391396616
66.6120939231805
65.5914140507545
62.7202851330823
43.9846611905700
66.3839084380006
64.0569880393591
67.2746858541515
62.8387660832430
65.0192772517751
61.1775427764128
67.8468413015371
51.8268573431836
63.8450820655908
44.9294244046453
60.7769548283624
58.5393797262594
65.9766008588355
67.4418520782651
67.3861567420770
67.7238787849623
62.9088099687934
66.7286237803115
62.0021295429649
65.8154891675095
56.7965769976266
65.9580094722691
65.0676647268164
56.4001787974302
58.5171454367492
