65.2990313569863
55.8178527090731
64.4006931553817
65.9815258530685
63.3576567682649
49.4690296623589
65.6968672200488
61.8836574128186
64.8682313836248
58.9943513252115
62.7873403977166
65.1502566892010
58.3359697395974
64.8394831029072
65.6100257974015
56.7376985793495
58.7522756740767
62.3618840120498
67.2092653539857
62.3111303628445
60.9838400894471
62.5477989687299
56.1692030526087
63.0542004884774
60.2507997010112
52.9369939123257
58.3783261550383
53.6336049274127
62.7955464013499
60.6713513957226
64.3832935142915
