61.0366408599105
30.9949543775821
-6.4796268590199
58.2950359801616
62.4677235269793
65.3912035700666
48.9893068763613
59.1567741483903
53.8606238640062
66.4593808883292
48.8162722418812
49.0859203936996
29.4605048107342
36.6994925493655
48.1123948141657
30.6545187709228
12.9245018883305
23.7966899483172
47.6864767124605
23.7093294870852
69.0387838743069
40.2413734262828
8.4447673589684
52.7920195795711
35.0302218299093
47.3416943165918
61.2751842368801
45.2144517267121
46.4980101314384
66.4768173395834
48.1518467600345
