65.2834529773921
57.6957319475998
44.7009851656943
63.2769222267998
57.1768894753639
45.3523559280528
57.2759206931044
65.8573056171085
51.3083319876414
50.4811052218132
67.2049017002343
59.0522743670585
56.2013020305940
51.6967193914909
55.2088462510642
43.9008230874522
57.2537068266016
34.8293433248912
44.7983149141064
25.0102039398814
58.8619982673431
45.7438733494582
43.2631605731555
58.2646139884395
42.5133141125500
25.8817787614682
45.2998408245411
56.2395538018005
53.3122747311584
64.2655795014940
39.4119157542560
