57.4535563066879
65.0644493653620
65.4675894105585
61.3655878794248
62.3032935209690
57.8801311941994
64.3120354313501
50.0539173890223
61.8324878762960
67.2076508355117
63.4238924715067
64.0706699786564
66.1636104520467
64.7991173957022
63.8723638585319
67.0863173817824
60.9784167256550
65.2209763876791
60.2167029794656
67.8588710415785
52.1705905257067
60.6955682439987
64.6885633667629
66.9120491143875
67.0769058214274
62.5607719065330
65.6811401968818
65.0200716397382
61.0588232670388
67.3795213512469
65.4560974361170
