56.0576008696543
67.1778279914731
67.9849291532486
66.0206946088959
64.5583402621611
66.4702354878951
67.4275272539171
60.3138565526987
57.4923991360862
67.4713777159712
64.1947356846145
54.7766664722635
63.5675342704774
65.8458969661344
65.1912126594794
54.3307085191380
62.5119811674925
61.4279648886177
61.1928113661947
60.8573876141835
65.2598870226096
65.5091437736548
61.3705656326641
57.0519143795270
61.0899274841756
60.3102622458637
65.0835362157236
64.9443922298743
62.6509407975989
61.4799664502303
67.4148896820335
