66.7423141791499
66.4410801999876
65.1958812240537
64.5900212174467
58.8979275555985
67.7484450939408
62.8801214917645
65.5292475199569
65.8049282398868
68.2481221998581
63.4788234585018
56.8722170195324
63.4977818776564
65.5700330049004
65.7362340173490
64.3769678411627
61.3054228651809
61.2513950179446
68.7017739539339
66.6339723340109
52.2019371119023
57.6071155006566
61.3889231770772
68.2235375549373
64.0387552557367
66.1673915929798
64.4781468336613
63.7776711699901
57.3901375634929
58.8470121604745
68.3042130538074
