41.1428082761686
29.5097116242447
60.6929038910398
56.8166617033980
55.2616009061708
57.7320009153972
47.9529752572731
63.0103762480831
30.1609709219165
54.6943012837229
49.6815929901867
47.2303481330457
37.6295485994662
52.2890775236248
62.3587997503529
43.2321940483952
44.0967259560436
58.4715272649648
66.5324079638116
38.9699676096668
61.9360173096296
61.8716726815084
53.0903917146450
48.6892697346640
59.8188202260021
56.2424940861272
40.1523139612610
58.7452723853274
42.6453779562866
54.6993150743123
63.8555718065095
