60.1793082206072
33.5803069036069
54.0617439861887
28.2783571176006
49.0980371690120
42.5064225063191
49.5527630181192
47.8565170411609
56.4959342445879
60.5058701722707
33.1564044772363
44.1311355900240
55.7524025805958
48.6281172112893
51.3643671901791
37.4348824797374
40.9967358447365
27.9866424284996
43.5453545015985
30.0077419987800
49.8761031454291
39.9340905127961
50.5620284268832
51.0321821455771
54.7020012994143
54.2351734969592
56.9051002104315
30.0066869309666
47.4333097063877
49.7983362400784
59.3098999058062
