59.6482880115652
68.0317412330144
65.3394525591643
65.9257988912455
64.9217978427373
67.8745783042699
65.1759363942741
63.3632143838592
65.8687129845572
61.0039980199435
62.5504736506266
61.6732534691257
64.2204056760252
66.4021272816927
68.1507831961141
64.4240915611051
68.6806847505469
65.2177884310284
67.1462262311270
62.9278221432558
68.2940220968105
56.9065982495189
64.8554361528192
67.8759588862953
60.6782144432700
65.4813926104647
61.3923394594336
64.5350224846022
62.8968748918242
66.9918056623855
67.4914500987288
