16.8913063787632
39.8534620074438
56.6578860704277
48.1294103361085
58.1133474934625
56.7848709453396
41.1120073450224
51.3338761723651
42.0158225295012
52.7435335847673
41.6944033666971
57.6204359518767
49.8393436611859
60.3726848149222
62.7695112263409
24.2465905682512
34.4538519703983
20.7758563555364
44.4264756601897
37.8699921970042
56.2204011336812
57.4193246450243
57.0194463663365
37.7886055989071
68.0496780289982
55.1349861609947
45.3485001607820
54.2047227011566
47.8913294471832
55.1765733099937
68.4476275877885
