51.6797022067979
62.3230965151147
58.9734012810214
63.6653020005651
65.3903932956523
66.3653014694730
67.8700011183718
64.3606071035559
58.7736725311114
56.4838080358413
65.7979069201439
48.9533323176540
47.9091615200184
52.0488755761174
63.5901013728523
62.8834836515163
62.5269626681347
58.9025754882182
64.9852492953281
60.3635202778971
62.6887189604683
66.8637763583253
63.7177620299582
63.0094600751443
66.5907431665574
57.2612920036119
60.6271911218224
64.7650285235897
66.5982298450603
62.4752495903105
64.4867022830977
