60.2006176864873
53.5585302313581
64.6518043760589
64.2336203461571
68.3707851648835
64.2133709930131
63.7712450725154
59.4071702391405
49.2431599755214
58.1117310581506
67.5380720981474
56.3265412175482
64.7253719913828
52.7795616613828
66.4353806165585
65.7746346390759
66.9100842008210
64.6819411125379
62.6317479979361
53.6891376281735
65.4637284670109
66.2578338635782
62.3569344000944
64.9447229424800
66.7490687674852
58.0530884881322
57.8643371104315
61.1577616350145
46.2770648808744
65.2792819059497
67.7618472692084
