64.3212241639146
53.8279884786147
55.4139343900589
64.3565859515504
68.2100463654337
68.3323860403276
66.3763412123360
62.9578405019639
54.6110885102346
66.4118991551567
66.2592310877163
57.6932175736668
57.3906913166062
66.4955111855690
63.3853594106857
68.6855516617413
61.2868829327681
65.4113593251925
68.8173518973963
58.1137193689291
64.2777920763986
64.1556015208755
64.7515719632325
65.6615509171811
51.8025167000483
63.4571543325301
55.4751531243262
58.4741109853668
49.9256793822819
59.4071745040555
68.3916559046105
