65.4418448843394
66.0741453088425
62.2811903177359
62.8564517132726
64.5225370983719
66.2617550466474
65.3557588143411
67.3561169872187
67.6887730146707
61.1132955323446
65.0683772678768
65.3848332210721
67.3431654742514
65.6938434298598
61.4867330153784
61.7646724822369
66.5866363377370
64.2213670020681
61.2152871796532
68.7868675876761
60.4749851533321
56.1976987331060
59.3487487510335
61.4476939961354
66.6194306707242
65.9047909236660
62.3400853557752
68.6640834646792
67.6782027066360
66.6077787079628
66.2063610605622
