39.1697480362535
46.4184423934622
39.1612354684254
49.5543484947582
59.5608347513577
48.0896724814293
37.5155006693895
52.0928560245754
43.5496297721149
30.2879779845206
36.4125616036974
56.4175457734121
35.3415737059937
60.8862942339600
50.4152316871173
43.6801800668004
42.1370891716774
35.0021950980947
43.6391577236249
41.6278984566629
54.3703719129806
34.0237569867074
47.9398089505777
26.9069110376557
65.9289900636642
51.8762667126761
51.0724065369136
54.0393579129892
26.9956192334500
29.7303649191732
65.1770996711494
