46.2154875376339
46.5119996223182
43.5515206370104
58.8718110416118
55.4454336168901
54.5683157756885
45.7010148920132
48.2418020513215
19.1210055770214
50.0889609266226
47.3934052872182
55.2696165984217
36.6334522812317
55.9103959193900
56.0152072105573
55.3160624489767
60.2225988621419
45.6000186385692
55.7693165530922
52.7928050929516
61.3193868598482
55.0555521482576
45.9076672534010
46.7490311523192
60.9622612064019
56.0262616112447
55.2475749744577
56.5919011430467
33.4442610872496
32.1554178973008
62.4767531403879
