50.4567562604052
55.0593171247536
60.7041772940698
66.8077632518975
60.2298976221427
68.5765912773148
66.7403021939596
66.1891636203512
61.3336727562040
55.9506905755851
66.4337356287192
53.2499239092888
50.7136061636309
58.4548434199678
68.3725663867538
58.3418224500893
64.9889311539438
61.9084248144891
66.4920510573004
68.7441505583533
59.2370522256727
59.6152720970466
54.2879537111493
63.7800241273772
65.2252614776467
62.9549029779036
55.2178346362823
64.4536545655188
67.8601656368172
50.4595337966077
66.0639269305132
