56.8766466512691
65.6083132717972
65.7372950957504
60.2274256169625
54.9839164220867
62.8642864394894
64.5315052894829
67.1720093354098
65.9129199906442
57.5734046697413
65.6382993455099
55.5769239016805
59.2769350737312
62.8042290511716
66.5870536472339
53.0806568382168
60.9836310533009
64.2933369080520
60.2974250185413
62.5114827947918
61.6835389747987
56.5773292225984
51.2627869687735
63.0625414402711
66.2558741086690
63.7268944498369
60.9555441812178
60.1302210918551
65.0147586449297
52.4525469208793
64.5297359849274
