58.0422902306591
59.9248330043761
58.4135000128691
55.3046843062447
57.7964550159064
60.3290683766782
44.3697669975291
47.0402165746706
61.1756071834128
57.9026674642942
59.2788884774376
57.7874449072337
63.3095787413862
52.9060162993016
63.1165442221245
65.2812673621057
63.4241033050993
64.2330118783775
66.6707337552532
58.3464140281788
60.4778231729321
60.5309854092587
55.6137620272792
61.7947495303153
41.8616604531899
62.3416157506273
52.4053334831483
59.9355309231529
50.4761471635290
53.9578408164630
62.8560588663165
