57.2856711332729
60.4084823405872
56.7359422098350
60.5013826964055
64.4477285334999
62.7435215334310
60.5743611398002
63.7510232478915
42.6220527019232
50.8516753458965
59.1346681589606
48.6703158191758
61.7820830876920
51.5793373591959
66.1331224688838
66.3924165168975
65.6545230741003
58.5879927661405
53.7651648980830
66.7037054456537
64.5600640716907
60.8410662371040
60.1826522149303
58.9253829777489
59.2750758561999
46.0801960469940
37.2459592569518
59.9868792240795
45.3858437285637
59.7494905437494
62.3043489279596
