60.4488372218948
59.3416270324166
59.9074616386238
60.9964854155110
57.1078451704158
67.3608229757951
56.3088041757046
64.3112984467555
52.4207143404014
62.5420926442926
57.5272099750179
65.2743978470107
64.2467128486540
64.5134207501976
62.9675742436422
60.2784371556871
66.2027401229263
61.6247362512475
59.2314675465282
62.2563469405480
56.7897456462422
63.1929157338581
60.9450193218657
60.0225603348037
56.0094466978121
61.2062903027943
62.9694709611005
62.8343337850844
66.0394822392383
52.7553981447709
62.6745236573729
