59.2827572523641
62.1525744710970
58.8691019472789
58.8845522048693
63.4382281507793
55.9855610635621
50.3382227117511
67.6064066331155
54.2863776841347
65.4997189718883
57.4993504975877
59.7630891950465
57.3492849280407
55.5072366520986
56.1482237144833
58.2195138755090
62.8014484474835
58.3705658719933
62.8490557030984
66.2088414705803
63.2472946546659
63.9747435957898
61.0131740756238
57.0467230899141
60.7008938752762
57.2878387376091
51.9130614676606
61.3745123044784
52.6279020264747
57.4236073353652
58.6045070638603
