57.0469083752725
62.6146502885910
53.9751173508900
57.5835370022439
60.5734472900318
59.2280487515739
63.6524643602351
65.5083394645711
48.2170839175498
60.2081368750109
61.2029958385920
63.7873730305094
57.4689350612006
63.9551544800706
66.4624432007876
61.2426888496184
58.1360328256869
57.1992412335518
56.0039497696353
64.7090272006819
64.3572217555817
61.5439973117871
62.8054115461515
54.9222930708078
63.3395748518539
45.9185847886884
47.2581219811255
58.7628756419747
58.7183526988461
54.4907557840770
56.8185145711287
