66.0105973881823
65.2995505524901
61.6847437563884
64.5040753001877
53.7309189434639
60.6503114923891
66.9402766461160
55.8543659048242
61.1062107363641
66.7532120433396
59.9104182305905
51.0645833393534
61.2743786012832
63.4208697780772
58.1102661392234
62.7678107916904
61.4042384351111
60.5565883425944
64.5189957064866
64.3536545218743
49.6152919332069
55.7596574499588
59.9350462449301
66.9986206877545
62.1421793397714
59.3366030568586
59.8075229863575
63.0519957696907
53.9873424088569
57.6590232384071
63.4685897888632
