61.6556383063882
58.6969219994273
57.7788116536521
61.8585723069748
58.8020199169762
61.4164731196456
63.1031821744152
58.6289050958283
64.1186377275546
66.0063247232555
55.8088504086689
55.5530790950480
66.2296300432856
59.1100197591956
63.5463324772438
64.0673588631274
58.0351421133949
59.1571021589779
56.7864597484554
63.2728542594518
46.3441688567873
59.1686103143478
63.1543117738067
67.5257870478855
67.2304778000276
67.5443853042604
63.8309292013450
64.7876263020120
54.1636880570261
62.3926285051997
60.2090921135504
