53.2744669017890
45.9897111347501
33.5957007203972
51.1309404408453
53.2937249950852
8.5621509689064
64.1019450288641
36.9984595372614
50.4818492349424
60.9351743834018
63.1685750089682
41.0356217236242
45.8897416668298
64.9314285536138
51.3015802434095
63.5923697856312
46.5505452778750
64.1817299750691
61.6184682850001
46.1034349001410
59.8516962261830
42.1760497422142
65.5283211536238
33.8637129853784
58.4627858671222
49.6102199379120
61.6788314054823
61.2226424902852
49.8154217294712
45.2054482207521
55.5572788871162
