33.0851744755167
34.3715586512634
54.2046128858597
24.6395258706275
43.3334136313622
39.0346669132090
33.6222641852900
36.1510996961328
47.2766952225767
56.7904701030719
38.9586490896722
48.2503984077908
52.6314127875929
38.4667500099650
45.2139248703460
37.4115031105895
44.2731653262100
33.5118606612275
26.9449399692124
33.9972774443345
50.4958563749761
19.9188511295604
36.3246728909269
34.5085841263709
25.4476804860244
21.4977192580641
39.9992325484497
47.8235550426392
22.6126348938335
28.8334289763754
22.8122752485761
