28.2767417688515
27.6719863532515
68.5364212114776
28.1238138206859
41.3105825212817
32.5337077640689
11.6649287223520
28.6700846049784
41.7590225469036
45.7676594207628
38.1062072651721
59.1434835120769
52.2999464969343
40.3267589644581
43.2550172945900
15.5440080080480
33.7300655933178
30.1232632654364
29.2739799569995
36.3438374113749
39.0637125656739
28.7339718554968
45.5817915139647
42.6641969714215
32.7907994063798
40.0289226354011
46.5559761694143
45.1051927906427
17.4774978994284
33.5217218652782
41.2825576094515
