23.4066856370889
11.4403049669468
6.4887363733863
4.9882646516823
4.9418424235455
11.9164245843165
22.7620936760609
-6.0111343737922
0.5983829670348
37.4889568999373
43.9832355931993
5.6870696449569
39.6230571127163
-11.9017440214185
7.1504339831528
-13.1453418451419
5.1356975595690
-29.9733065329230
2.5059949296933
26.4171875233877
30.0933587755237
15.6535148669876
-8.5804378641940
6.4538775023982
15.7475759025224
-5.9140127330613
11.4139240111810
-27.6461117041371
13.5907759700687
22.3194706951028
25.9025953744009
