33.8262626899828
-2.3151842254407
64.7381187114167
10.8848475318632
21.5070777770568
26.8704706977870
21.9594621737058
1.3256819160236
39.6726087942104
53.4714275692311
43.2887469417584
67.9444742243122
61.0614478576576
58.7274642717778
34.9665448984235
3.0337943353107
55.8686178747237
54.2026970392288
4.7010725013666
23.8813887382054
63.0563441798404
49.7739123285721
9.7361427435947
20.1109086863780
8.8477568084807
-19.0221882916043
29.3999383247545
19.1401743073048
16.6514508100175
20.5292919709533
34.0654063010563
