20.0344370627075
9.6427016090867
67.7498536795403
28.1294552901437
28.7371885028175
38.9587243322596
1.3668451424085
52.5770993491080
50.9072137162269
47.8352230220457
45.1153094364157
69.4204812938035
50.7201438812291
32.7259419669104
46.6620001254374
21.7478336749137
46.2323755147341
34.9695640449152
1.9358910396473
29.1414811759261
36.0149739614251
27.4370315474956
49.8029918200943
47.0923311861543
33.8656579509539
10.9791967513779
35.8608401447112
40.4525689619838
27.2659917779557
21.8283746998858
28.8486988450378
