11.6691876252134
58.3496210912205
52.4483854981282
25.9466312278910
29.8742667605051
21.7197167380260
49.4325012241578
48.4205497273811
36.0041377602493
41.7858363477908
34.2440795037259
31.3766874143237
45.0861536336767
44.6100260599843
60.3823231066178
13.6740261822884
35.5821475688898
29.3317365073223
54.9377472198479
38.6580342506797
41.3803254024841
51.8760454443098
37.8746002562717
33.4764043869271
61.3112952277141
66.8564151864313
32.9918411095489
40.1061438289477
44.0684300997974
65.1423749920502
53.6533688160885
