-9.7199228887926
27.8568143552583
36.0139724807254
50.5304172873394
52.4370483158510
47.7008817365045
30.4668277879380
44.6859300353550
40.6007099013164
48.9251749617758
63.0581381276594
49.8541411104012
30.0076740235443
55.7236327106266
32.5881126114856
48.7484176768392
25.5076740560283
60.7960699826718
44.8217361312246
23.0658781700028
53.4357265725731
23.9609477184483
53.2984707925436
32.9762316803553
43.0056640459561
44.0854630233614
28.4904811330952
26.0303755469322
55.0943952473477
27.0606775622898
32.2946951335747
