7.9652639160280
42.0928768261296
45.3945983965582
8.9096638321751
60.6346344992843
12.9039664747892
28.9444035869217
21.3271390349134
6.2013610833593
54.7393776247703
34.8418796055205
48.6621486477616
7.5236082206097
31.4923508481862
65.9190852393745
19.6287567084413
51.9055497046985
14.2734096575923
42.1225714770185
30.6532249889130
46.9707293864139
35.8596080038169
46.3725603606999
33.9991314811311
65.8061543047007
29.7807636491944
47.6679636689269
53.5027085410482
44.9096007664989
16.8006356922743
49.4333144465988
