28.9067915376271
41.6587824157658
53.9426561835015
56.0849709505144
53.2226972527135
37.2393635862289
35.2549232549580
17.8057834004706
45.5208996492720
57.7495843520697
42.7836032498246
58.5973799241840
31.0437920157256
39.6860409688736
35.6541375296270
40.2511526105069
43.8882201324638
45.7196103496454
27.4446861683719
23.0211465827267
44.9763576410256
26.7782199683871
66.9132317965216
59.3372468629911
52.2799469448551
42.5467665301652
35.0113333672173
38.6968813676278
53.6969853030961
53.3599146240102
64.5747124038418
