-11.0839809207688
52.7782729446956
60.9944627011208
43.5441999370885
30.4050780401342
39.0310569896033
55.6597458325255
34.3333295174023
27.4101441081644
30.3162177775427
65.4721408120712
30.8669630696022
36.6343921382312
47.6052622183882
44.2020072534533
48.9266725046116
46.2465972633288
34.1888667488654
48.7930326153277
22.7133725471622
40.0727475134786
61.7718554797995
49.6534556657379
24.2220099232426
46.1463155408365
59.0104517238159
44.9679511772455
57.1737778481504
42.9806159063929
66.4690310597274
28.1962387186926
