59.2106796072060
45.6457924828836
51.0240448946037
67.7699913628456
66.5097088219911
64.8253588214101
64.5598675829504
57.1034259613579
60.8244608186901
63.9029407300347
51.9222672585788
59.1144024086233
37.1421323541196
61.9655772249766
55.3065485449067
58.0958493434176
56.0606056594253
62.7878921302036
44.4915768574631
48.6361508792837
54.5216404030029
65.3883050852441
66.4100651681415
64.8116198490975
67.3591193433821
62.9343540386360
61.5714976869010
65.3615236681811
60.0771118186142
59.3033809068673
63.4729772552599
