51.8759439844456
59.2097303297214
64.7727205342313
53.1854750192733
61.3407894464440
57.8275407790965
66.1755681700408
57.6424861600720
39.1654553317642
60.8232430351100
56.4730877835328
45.2851305218611
57.7361332300393
61.1700993872500
63.3767653155068
50.0011340912077
61.1804413538151
38.1219684267670
61.9530274405722
33.4234213918959
60.0449628865941
43.9364791316449
46.6994848883536
58.2535905750556
65.8580914731471
63.9140586163370
41.7805295954204
57.9340469937061
55.1632452685478
57.4531955443653
58.7724576018390
