1.2077398719373
18.6818708630453
32.0223975327031
25.0426767830005
54.2360486410410
23.7174736614059
4.5780175467631
3.1616856059891
-33.6737431731833
15.7433696349252
-0.9506722827344
6.7792798304304
3.5198320830517
20.3492354153656
52.5203185212217
-22.8795160707691
9.0740999133858
15.2228565729106
-12.3627163567542
-14.9997565290778
41.4258448457686
27.8871309311143
-4.7997322987782
17.1040691615361
13.3967962762616
15.6901249035357
18.4498058462695
46.5955305526571
23.7593782964732
-0.9591514356290
53.1294258907084
