44.2231181598412
54.8440696003853
59.0954525700884
59.2875816693499
59.7227638025106
64.7824594296941
61.7812559119670
61.5455426690121
53.7218508578473
60.7937983107932
58.4915059850769
38.6156436939516
65.5134387393342
64.5666225787553
56.5213915797145
59.4663455226588
58.3283272508962
43.3742278457809
59.6364658809089
60.0192696654874
56.0580330834604
56.4344197323241
66.7021884049007
49.6624176053416
59.5931205802798
62.5306527319475
53.4502288319375
59.9620833122539
64.9718329106779
45.1926869496587
44.0896311711063
