56.9662930682167
44.4894980191940
48.4734062627069
65.7109399001814
58.2954329794015
63.2896577876762
62.4132912554687
54.8335739945501
60.6006083785142
59.9862744195971
50.8945428715334
56.7222792365467
30.9082135091483
61.2164908046071
53.4425995171619
54.3843975086386
54.9031498394948
62.7851069541578
37.9062017767924
42.5376050952035
54.5129339453925
62.9112072941075
63.0368333112363
64.3653983763316
67.2255395948848
61.7480596541441
59.6539385679366
63.0736637406008
57.1721530937146
58.4271958621017
62.3425234626899
