55.5934766849999
-194.8182718189180
-123.5680433459080
20.8257026105343
63.5234806790031
0.8874126909092
43.7852217910035
24.4828722785693
57.9933035118679
63.8678854885929
23.7418659575668
-111.8590729927782
-66.9976303770621
-133.1765846501028
-102.4895886616069
-94.9399080686133
47.5123622330535
47.9368517635093
-68.7862810298030
-109.1776134274073
50.7489158436624
47.1895459606726
-134.9364867150544
50.7989528295506
-80.1456911150326
-11.1314664494913
-116.8965623758241
-216.2230893335739
-119.1548249905183
47.2741145571927
-112.7444463651880
