18.5043779319474
-19.9611171121234
53.7824294390537
41.1345852490773
-27.9332398916729
55.1524996462562
30.9849561022848
53.9228906441973
5.4695862701462
59.9542509749656
39.9944716648002
19.1970421632291
21.0073526710257
40.9790234989078
19.4875593152721
0.1265242275319
31.5179297843734
8.7753044013781
23.8808875300955
45.1635600613048
27.3470819715274
38.3150184614606
34.1899699223032
6.9128566131871
-12.4528920811115
17.0787756821778
10.8505492229556
21.7039321739205
17.6178069736941
17.2307222494021
38.5254761865194
