24.3993138704557
17.0242918830154
44.5687369159556
34.4572359748981
0.3945499946594
59.7791894789039
15.7638261359596
35.8494923959338
25.9386516828133
57.2014528821392
52.3978642285894
24.5149237770668
29.7687765928957
62.1616438334453
52.3871866361074
45.9299890962215
59.9597688591944
30.6617510693958
31.5576141545241
60.3930716052240
35.5695977740472
30.9846607834982
50.0393042590681
14.4695892902187
12.7210919173793
31.7786512283949
28.0011780777443
32.4681129370048
17.2641437563777
34.1944931394744
40.8929153943103
