-39.0524241854742
-24.7727333603970
-18.5652202361513
23.8313184763364
-38.5320146448013
16.6965458865790
-8.8373584103989
-0.6389061371026
2.6750147422886
-29.8335289430731
-18.2102790231778
-0.6677609991058
-3.5024742077053
-31.0156486507652
-29.3280300124924
0.4413321126442
2.8728718328664
-5.1325738323954
-22.5955328463292
-2.4434566757743
12.1876537460733
-8.9147033581602
-24.5382301300894
5.3717541700389
20.2464681327662
9.9359656999680
6.3823046426676
17.2719399100616
25.9611968302137
-16.8370595939225
21.3617915743376
