-0.7346420195390
-16.6216237895596
22.8883767007052
53.1457900366058
-26.7534908950954
44.4162547836751
11.1194112157319
50.3794447679553
36.9051289208505
18.6303910549114
24.9761497707449
-15.2862241254249
-3.2228660188056
-3.2792678843246
23.7297617556679
14.5799452308570
15.6137634410766
17.0682667442866
15.4663944146878
26.2858880609240
23.3378033190071
6.8387167852638
57.9456625501833
13.0433075265572
30.6608293923452
6.7401194939541
3.1063826351830
29.9729415684837
15.8084384719533
15.0993325168867
9.1862847882662
