12.3916014884857
-25.1632420532360
59.5485128102428
15.3257014859973
14.8650968203741
58.9420657974005
29.6970664075642
55.2636104866335
26.5295706687213
55.4536615896356
22.0635925264705
25.2345183466934
32.9055855571590
31.6891838863488
49.8640126242472
13.2703067803879
34.2308152228177
23.3796596959123
28.4104861935046
65.0856111567613
12.9480655550611
33.7219254334250
42.2479639819542
2.8984879166350
-9.3128985859419
43.2147467163754
17.2686625220997
14.0055996374732
42.8235570640950
19.2358782496708
38.2955612318571
