-2.1296464909765
-16.4771915916949
19.0969764196217
-13.2152925335739
-8.0281578614565
2.9349240091736
-34.9878773759063
25.9618181955890
22.5919675266700
65.6948670757768
-6.9600063996330
-2.3182761316132
31.8117823911712
-23.5599976253123
-9.1445647998409
13.7241797063509
19.1983435081110
0.2307486670481
18.9237387382995
22.0313925142230
2.6470060121547
28.7384312175354
9.4219823431549
-7.5396915705093
10.7032290930159
7.1516299968571
22.2101727435138
4.6074507168356
4.5444204145084
38.6115582140224
-0.6078087141117
