-18.9877400809541
15.1445979911663
21.3303995129165
37.0485699945805
2.5353313399523
0.1253708688456
-14.6689944278903
42.8869697127858
-30.2141328979729
67.8032126481838
19.4810999997047
49.4627548008850
7.3974165336579
13.5561177367973
-1.5650390790737
0.2733594995080
30.3352805997512
20.5607160564896
15.5424313704893
9.6431480721857
20.5933789104876
24.9554845160327
18.9594940623136
28.3542958960205
19.0457620976984
10.1298107500895
13.9493613133910
36.4740283251886
31.5910547802509
29.0081577478769
8.7647340762360
