3.1416786979592
5.9678006182159
7.1645083084759
-10.2827899122044
2.6721517499963
9.7289054551117
-18.1751858263432
-16.3425844341441
7.7889105628355
61.0557527385839
4.9292704887278
7.9424509224307
-26.5333540533156
9.2734799500591
-1.4211498192906
12.8069673931678
9.1774920777903
-15.1420720256650
33.7480762486507
12.5761974300961
7.2868581908403
11.1408984387896
3.0285400442725
14.3509103006021
12.5597250991949
4.8319519525975
13.8973112939504
-4.0759000350568
39.6029899341976
36.9359881234955
36.2165184652657
