37.6486110924886
37.3575872918678
37.2551429493605
26.7800310195008
32.3522176878519
18.6662028739895
22.8462726407095
55.1592467493511
-3.8014888844898
48.3826888399583
44.6398164458000
37.5246223076646
29.2940689961105
-5.5104025036020
8.8947934114628
20.1391476524731
35.9952680959830
26.7307743031799
29.0879999438043
19.2441997825946
25.9804782695334
33.3752932981251
4.3347224711068
14.1921490574533
9.8261223663344
-1.1331258020687
31.0865339545763
22.5171545557517
30.0382875811680
32.5910954386004
14.8489415442240
