-49.2220723332814
-23.4533029973719
55.2583550244251
-41.6181790816925
-9.3649229967381
4.3241365510148
-19.1851582885763
44.7659945769150
25.4152524581264
37.8113242158208
42.2319202103983
20.7400446887603
-22.3935084071034
12.3971369328513
4.3902870672576
-27.2979465007899
61.9664367759133
22.6137101111115
-12.7472698153493
-13.9143234776661
-9.1707096935520
51.7944800320562
2.2776285757867
-65.3162688992315
-6.6460522909433
-40.5438923192785
36.1785323430350
-18.1161926100850
61.5281198289088
48.0141732991766
-47.7080958520462
