-41.4161886546751
-27.4424882504618
-15.3511544785973
11.8865611032917
-28.7157690879146
-34.2280555623206
-37.8293415417182
-25.1935166149981
-37.3826494723798
47.3859816225572
-20.6065744892472
47.0933513646121
-26.6375588285568
-14.6110754493272
-19.2947737963888
-99.9599070037922
30.8329898634564
-22.6269075853305
-30.4762006073341
-32.0683948804339
-20.4497086382272
-15.5000939879026
-72.4989958664232
-83.0431024871180
-48.1402359706467
-26.8887009542649
-86.0252110977029
-21.0166571007462
0.0826763560857
-5.7282684169203
-1.7808170304015
