5.9908969694038
22.7060734970558
41.0257095008092
44.5707982937302
20.4871559128787
25.6018197212955
34.4115899814383
65.9999642601129
38.1939061516079
50.3143214396800
44.7631460760055
44.3019935104652
34.5029818916241
35.3248248394302
8.7389210070942
16.1585315300836
32.4282538402577
22.8107409487409
19.8566701117382
27.5955755976418
18.3891319218188
47.3170996633297
10.1426588651995
-1.3717096013659
12.1691111578893
-7.0208651220893
49.3342131019371
19.7066050287745
43.0316186455951
41.1088896189755
23.8479130324355
