1.8268954849720
1.5476658208811
13.2339236166685
37.2290412578682
30.5190360290290
10.2486978872357
-11.4427284241780
33.4512870176388
-14.8459766507925
59.2707698534536
18.2931497010512
55.1951727524427
28.2476216422763
7.0887441259598
31.7910131320758
7.6267385642576
20.4964173083365
13.8506292195458
10.7667871066333
-8.8376471300996
5.3903089048762
20.2818609580451
5.8068956588138
9.2274201151899
20.1698405150457
1.8696174461576
1.1704894995367
33.9088269702124
31.3096908402646
20.1856037417972
5.3131255843555
