20.3904464852003
32.6822116438655
43.8276483150976
14.6297288829772
-80.4005637759316
28.8749416299089
36.1472758685162
0.7751222068574
18.6243494182234
45.3942669835288
21.9379854197203
17.8881064582054
49.9896344647596
-44.4542457233756
40.5952747066767
21.6997517390010
12.5663401208978
1.2246138117565
39.8719781244427
-189.5473533200456
17.9233669501355
18.0333177075821
41.8414636076966
1.3049965107898
-17.1335122087807
1.4825005305300
-29.1057358507391
3.1576316536015
51.8360190918791
38.3751546045349
16.6349414609576
