61.9199640916576
62.5123409871708
54.8562712025241
47.0675683840411
61.5431864627616
59.9807122545197
65.5125203245877
56.8109464026782
52.3653119335621
62.6231616345470
59.0558450360312
64.0522242242302
57.9956771380922
64.1487367660635
65.0994831392259
61.7328810815934
66.6950260693263
58.0770317672087
60.1951275166183
65.7032963820514
64.7373409182938
61.0029886082696
63.8349771355036
51.6016546018841
56.1932855144513
51.8921931889493
40.8037008182077
56.0467140763692
60.6158411378378
53.1992210969858
56.3468706950400
