55.8102987473003
66.3313616979405
60.6901637652744
57.2246790690694
43.2936592974059
63.0748378683197
67.9492158114940
67.6840535072320
67.9928051538978
59.5071455830656
64.7518252822209
51.9803700417396
67.4322136925144
65.4349756012380
46.6236257825668
55.5940582900414
61.6134743356873
64.2838079120274
48.1944857591685
68.5514224931111
52.6421979218806
51.3545840998699
50.3576981981476
61.4877331358818
42.1521611322686
62.4173071960297
63.7200549340992
67.1011700436717
67.1245884915903
63.4514820996100
51.1069183418784
