61.3826352292129
63.5265820901398
64.5059883054383
59.3473463924034
60.1106950864577
61.5613358192545
53.6971426773025
67.1352998694529
64.2266407643566
56.9995586544679
63.9080313566268
44.8105721665952
55.0309599053411
52.0521841508307
66.3034349802538
46.2856820056076
61.2338572329031
52.2089268873404
54.8589478032147
67.5643327914594
67.8196514567997
55.7275553391192
62.1213876985070
47.7560540879428
29.6907266589202
51.1668617068479
59.3136836417643
54.7240152340402
59.6696744816611
45.1974935453457
58.1667464396424
