56.0441131341745
40.4008527612431
34.5405292569116
52.1390684598207
42.3984000277646
47.0114844434060
62.3740900132621
49.0430581927549
18.4038594528923
35.8446014550728
33.9644901325345
34.0036208931020
29.4479376460316
45.1951367727343
34.4468249517924
38.1670472146221
57.3908735874663
44.8966310896832
41.8548024578068
35.9500126566156
24.7628450342789
31.3755252108356
41.6895821860893
42.2351141588741
18.5230657647454
30.6346865208458
38.9642422259068
65.7967592133084
45.4762594433975
47.9382586804953
58.9311882531935
