62.9473824855243
68.6262162607641
42.8376122346355
60.2145490420884
46.2870047520220
47.2745577524251
55.7378973571836
51.6586968849838
54.6029122132384
66.6240024401420
65.3414216547435
43.2996124147215
67.1047603882358
62.1244130774679
63.0926947767049
57.8165029976680
55.8530661442003
43.8881278350953
49.2554697510841
69.2856627771505
56.1897561537049
45.1577852976642
48.9544594987776
48.2447752393631
37.2455434181327
65.1577314242082
58.9528285096185
55.1792982760359
49.8438862338535
41.3152652690012
67.5611433338218
