4.7139792354664
-133.1209610219512
-91.5330226828577
1.1170311743622
-36.0892417985367
-34.6823320338375
-53.2848346337790
-63.4545689713563
-131.6346206016608
-49.4311819944136
-55.7182956646653
-247.1312822777000
-62.4646118276588
-121.8125346470831
-120.0549947793590
-73.6037770294427
-50.3595623586556
-101.9169422802941
-33.6707398923542
-197.0675600618227
-56.2908909352307
-129.7645852425448
-107.0456560615470
-87.5640733338256
-119.7652661965402
-67.4320506476220
-40.3990014695834
-106.0185779709695
-88.9723063786346
-84.8239796405927
-51.4137278923610
