-12.2758261766928
-36.5710888507407
-35.0798801261627
-16.3003921685128
-14.7912003888374
10.0627403430350
-22.1988607307950
-33.4739091942342
-1.7311492435268
-31.7587874430638
-40.0895353920705
-25.6896275647215
3.5766486720170
-11.5310990352100
-6.5266227585139
-19.1175750882452
-33.1029330063775
-4.0712860752234
-27.1307006117394
-15.5749758286814
-22.9539348509518
-54.2289881372484
-0.5836409234592
-61.4882526015790
-19.8784330769335
1.6001170687620
-9.6823911584733
-20.3657095386568
-23.1837349966462
-32.2360709906347
-25.0619817419461
