55.6369175491878
62.3964163309789
64.6913454275858
53.8345327982026
59.7896151517775
57.0397585759819
52.8183409915288
49.4379500929578
61.2897000613973
65.9562498953995
59.7539202489855
60.8500300253708
57.4479722601248
55.2054781866923
63.0306811659170
63.8866917595151
60.4154096154375
58.2134993109059
60.0059153052548
58.3998183212137
60.3789785201969
58.5079190583062
61.5158687605051
62.2987927246253
43.5223294517918
60.8049343134348
61.7527862303009
56.2031466982431
56.8822270536921
47.5996880322809
63.7270051288040
