64.1311214391081
56.4992515817977
62.6642884961174
58.2666763497055
61.2919264967916
60.1071173682941
54.1633941293058
53.9130668529033
64.5702194500246
58.3391600487275
59.8918748891001
62.0871303530612
65.5364644513138
62.1108871273038
57.8993820690219
62.8582431239915
59.4632937506539
52.7624705660980
62.5004977519253
62.9363270693974
61.9548030003278
63.4273257326094
59.0594930197757
60.5864006462142
48.6538622502290
59.0050103371441
66.5835230915566
59.7469966158226
60.9751512810919
47.9633499424663
62.6572353959041
