63.3543951554895
67.5454080278268
65.3047075206210
53.8219347259508
57.2796402450861
55.9669075460913
64.2899422161150
60.8354439241799
51.1522933583515
65.9633088567179
58.1130769278547
50.4296728436907
55.7407124089067
51.7063375399709
56.7764352015090
50.9055190677937
60.1826808736616
63.1671532756728
67.9779418832256
52.3768150064416
51.7087143923897
58.2752758147416
50.4120846354295
49.7605027752236
47.6864588491222
56.7096260381348
60.4201651691917
62.1562670042660
51.9617623858573
56.0602124342505
51.5963435788970
