57.5906950132272
60.7327309889043
61.9314022799345
52.9684184107478
63.5101999816415
62.6892511278514
62.4914064696530
54.1799723015286
68.0286586147932
40.3137433799550
67.2552722711457
59.7533997060581
54.5371433799481
63.4413109686977
63.5950517768982
65.9121745847071
59.3078731481869
64.2170617511207
59.0003218637131
63.9140903577214
62.5917403303927
64.7928985976431
60.0345738186529
65.2513705291635
61.2152329768752
66.1040927665070
57.7093895433471
55.3680561064660
57.6876235097039
58.4464712094371
62.7061089544863
