64.0163229526405
66.8205438051461
66.2997403933655
62.4906904747648
57.6422459455115
66.3300494855691
62.5781536772626
61.5868790528127
59.2873179245497
62.4892655211322
59.7084186693064
54.9456597284678
60.4321508109943
60.8989846353943
61.6833422506659
61.5411000280548
60.4004972435942
58.0404337633553
58.3351226848607
65.4503125633064
61.7031496597056
57.3913636295955
59.5334013896310
63.7751771539475
63.5781817467500
65.7549109163543
63.7948943139846
52.6492662448327
55.6346360681927
52.0896310008952
64.2152077815645
