60.2286629643683
58.3431786626697
60.4904497132090
63.0572365110912
59.4324315203152
67.4786707007433
57.8917958453302
64.8910030958973
53.5955065073009
64.9770313056558
54.5326905744437
63.5345073391366
62.2345837287936
60.2595318114722
55.2595786742636
44.3430321738513
65.2386868363500
54.2750319167203
57.1034094612470
59.6784780098730
60.2444327703392
63.6941986566689
60.8381231420925
58.2835831716717
53.9873602196091
62.9190932591226
48.2441752429533
64.8765339358177
65.7885864034784
50.1764946623532
62.3416923423096
