60.6378431183423
57.4487407756379
64.7800347088615
63.8068047506012
61.0084360794477
54.7867917647509
58.2989192884448
61.4346239585421
62.9717980022662
50.0341728297843
60.4017366071294
65.3187102610845
60.2610706451500
59.0692007703114
56.9374146406205
53.3841448941294
59.6578634854008
57.1962120761167
57.8232310394445
64.8294787277262
55.4774198531066
62.3757294851785
66.4970017125450
62.9251056500675
62.2013434887707
52.4244172687323
50.4826223478739
62.6556720996307
47.4457771890763
56.8863809262553
54.4685055695728
