62.1834835507820
54.6266462721517
65.0408026033659
63.9484241837311
68.1756259671935
65.6415551223147
63.6796545975883
67.2071892862409
47.4946239314139
58.2909598994314
66.9629702592547
49.3735434795754
65.1823182808437
53.3869442851330
67.1052727641635
67.4072041228523
67.1588843218760
54.3048123870563
59.5211058877255
66.3455658468922
65.4050565583382
66.2138468395466
62.2751407485632
59.2069596203644
61.6853219555677
53.2375648018284
54.8668631432188
61.0999759124575
47.8573227316965
63.6976805605866
55.5024903141073
