64.4215456871249
63.6236764481903
59.7389712102937
59.7171147629735
61.5593566411723
62.5348956060237
52.3930747721313
56.8974136064391
55.7681519506808
64.9214213287402
59.5413784300557
63.9345360292220
59.6718589002618
58.7143903907492
64.5743004297720
55.1880918646272
62.3370649494370
61.9509779429299
64.2193179896006
54.7834151896496
50.9519010051429
60.1404224033339
60.9223989893676
62.6588133012169
55.0911032157133
65.5133600978611
59.9243432162519
55.2038692447005
64.5666234410604
65.9777235614117
61.7548917071394
