60.6965823591502
59.7633635545569
61.5612502353258
55.2526547761018
57.3599524368211
59.2496885049241
50.5186159411624
56.5136626344512
61.1118288906149
65.0512647957784
59.2994952978100
63.1816461114217
62.7425341920079
57.4496552631130
62.5291152397227
61.3582577484318
64.1372801451236
64.6364100708965
67.0366247968508
60.7881051755711
64.5544335624017
62.2719385439494
55.7751432733379
65.8732283452419
45.5727305772695
62.6637268279688
62.0176417079339
64.4406076757336
60.0007796897848
57.7384599278816
64.2177977742649
