51.9172630307672
62.9829805865088
60.0439973174823
65.1879109406253
57.5075810458645
67.9177766805158
66.2170072028340
65.5477280476585
60.0408201832341
53.6699694694722
67.3987001578744
51.4470637137287
67.2421390356434
55.6970085994057
66.3793734686773
64.0163843619158
63.3605257789379
52.2810642703642
66.7305253876995
67.0322137107293
59.2237409691277
62.0006866391371
66.1171376191801
60.8691430127571
61.8839182237861
62.4908949360770
53.4147162153665
57.3002235693808
64.5935629784705
50.0753680494507
63.0962925323253
