53.4762193867117
57.2967640177183
58.8533161709684
65.2095468960134
68.4212602942878
61.8253612469952
55.4670986294740
54.6668740191069
67.1519952053272
65.5142521459102
62.4224210929935
53.3537175726853
46.0312664337311
63.7798302559899
63.6657077021608
65.5842136056557
58.4850855708718
56.8448983412772
64.6106379799488
59.9963427930703
65.1066188780949
62.2152210727390
55.5393168233893
58.7720684680534
48.8496177559826
62.1662913996971
59.5573171475396
62.6093419051823
42.0406170648488
60.7046143476236
55.0136581827405
