66.9484824943133
52.3607551833461
53.5095603459238
56.5714562461510
64.1493182749451
54.2131098116853
52.6146540061170
65.2969130058690
33.3947131907976
56.7769399012252
51.9005757756182
60.8985796794330
50.5402276878012
52.7117415890219
54.7785326689716
55.9149711322873
58.3146955362252
33.6000363769728
46.5879583024902
27.8947017183229
48.6888584446496
54.3755268562194
60.5043436126396
44.8460992620899
32.7460838555173
54.4193512341327
27.3942415710723
58.0902353886628
47.3190763424520
40.3029102922160
49.9303847323179
