63.3494972149675
64.6260719232624
61.0199280557998
65.5363998983250
55.4825530598845
52.9405041360381
57.7535585451212
59.0723639389050
63.4179501311787
50.6724984525470
62.3813437999707
41.7325126446552
57.5737320376313
53.3761078079124
57.6816200803983
60.6842451018896
66.0332621522341
59.5756716845141
59.9528596926348
60.8455410702872
56.6440175985241
60.2779348017624
59.5190422341595
63.3073543178167
63.9073830597602
60.8824157409270
52.3954849524987
64.1186798951701
55.5780323614913
59.9569030847329
63.4534048665746
