54.7902732827598
51.9581947583559
52.5432877345056
61.2805741190362
58.1874692748493
61.1819057828664
61.1348933088423
65.8476736550865
66.4779459890860
55.8189879746338
56.5097125433603
65.2346807892706
62.9434792080091
60.7769426863516
53.6091422673993
50.8975517744823
65.3410105478425
59.7238581454612
62.9394374274659
59.1631021415746
60.3256464998411
54.7745686967178
46.3474202062705
63.1954498816288
60.1529184265991
62.2789989900995
54.9222134613948
62.6772015653616
64.6047049081936
60.9085501366786
65.4158331393153
