65.3566493442305
51.2610214716720
59.8066483328755
66.4325085722854
67.3132520703977
57.0579131002076
65.9650075326844
60.0939572225668
55.2930792630530
60.4685135875668
63.2362615036696
62.1323153515987
57.6646647750067
63.5424400947206
63.2237617107222
62.3941078260312
55.9254939698242
65.1677484622950
67.6163368279154
63.2584226673014
67.4756478888742
64.7729945851796
49.5023812763564
61.1186077837351
48.3779694117745
59.5443566606425
57.4835984097990
64.5933027135183
48.3801915308732
65.7050211307591
63.8202885121033
