62.1639602769044
63.8415180054986
58.2997410027691
59.6737953313501
63.3018973109208
61.4971730342769
66.6437312651523
65.5035921858889
51.0833909378245
62.1448352231995
61.3963946694293
63.4507337422215
65.1984235715494
66.6741907414834
65.7975244387047
65.4587966805848
67.6235213819803
57.4534892044531
64.9373954509347
66.2988120454806
66.3737226583976
63.3033504620505
63.6028001661841
55.6642785234672
64.5590958823691
52.8691312434210
54.7616720260129
63.3368662598235
60.5285976867632
58.0434898014124
54.9657512633916
