60.2417417593458
63.3560835969714
57.5148828588526
64.3178245932903
58.0093692291497
65.4828575006170
65.1833209889732
58.8103754637544
63.5113905604821
63.7673863537757
65.7220470845965
66.8337271513029
58.9914043605263
60.8425154590644
58.6304293814397
66.0624369519111
58.3947317508144
58.8664778380533
63.5630578653127
58.6073028208307
44.7073734352637
52.9438182541573
65.0323538775077
60.9734111406051
60.2851429259884
62.5973675787152
60.9634828924782
55.1060442768417
57.9631300211939
55.5351562210545
59.5285258219122
