52.1182017463301
67.8145493494811
67.3971244038374
63.4492902791531
64.5437032023681
65.5583751119022
65.9189410328856
60.7907939462064
57.3706885685138
65.3474225901273
61.9492650404727
62.8497187377866
61.4974766522431
64.0455960564289
59.0665256052365
66.8492356793716
60.3760513081704
61.7366580242020
63.1094393606147
66.6588923061186
57.7346306083459
67.5325462235887
61.4686669297875
57.3618046604159
67.4439777192674
60.9565081820145
62.1994825780837
64.4983809859983
63.6735445635262
59.3680413988417
66.9818625401852
