-25.3956515991226
-301.0076334081676
30.6047342012901
36.9058149091444
26.1822509861383
41.1649142075795
38.1334023723641
48.3645321008126
25.7296084038994
54.1445659077091
64.2718842309796
31.9632756382873
30.5368787342070
34.6934036954167
48.2738012805889
46.5447016445703
62.0613465375738
47.2282384907723
45.5487882833083
44.1587753265986
41.9376038247206
36.6158523232851
48.4613431927781
12.8185671426033
35.1254387507626
55.3456666582003
35.7025113054727
33.7811545521773
-31.1178705154223
54.8212676022935
27.2853869671360
