60.0659762684786
54.0974310197917
56.3009801301021
60.4609945164622
64.1189089061841
56.2268675476165
63.0171979885288
61.6340437871224
62.6751793821397
60.5042894100270
62.6886408257171
62.2057616172733
65.0481898931041
65.7971766970805
64.1242909488914
55.2031221093871
60.8721291898459
59.8400521261573
62.7047178533673
63.1551753817206
67.9517593051490
58.1488105335293
68.0314676662726
61.4379484986396
55.5802495593893
53.3182594002155
46.2562981870467
61.5648114703067
63.0237249071088
50.7511679105158
58.4139769097330
