64.7505760593204
55.2283028625191
64.6831778788291
54.3128369457492
59.2529991507193
62.6092738950300
59.3560230971666
53.0705378744700
64.3955359907815
40.9312963135928
66.5405381458748
59.9391057563789
56.4410690527814
65.5618592276657
63.5122733046475
62.0492066222514
64.2614315287934
67.3713794564180
58.5828230051362
62.1181011105902
59.9605459594090
66.5481552541489
59.5769480498075
58.2373318174259
56.9396485842330
66.1246499131085
59.7207400540121
43.9047028377147
63.4974203237279
58.5589901858409
65.8860457775570
