64.6241087684363
60.9835470724288
51.8746200482162
65.5914963677943
66.3687962274188
65.5009239610231
64.9445270388937
67.6795191019918
68.7101586074990
60.4659531572385
58.5416357797570
63.9187559859189
60.2909208780271
61.8120662384321
57.2857854237526
63.2404500235978
66.1476973014608
61.7358102792932
68.1312212612714
64.6477032514248
62.5071921334735
57.1568521742839
60.4715707438148
65.8742201227797
66.8399488663625
68.1727653197458
66.4031168871437
67.8388010427515
67.4992717205385
64.9208146776985
67.6745958209307
