59.5400999325381
22.5986312034914
43.3358816199404
64.7246242047448
66.6919050732755
62.8163124864166
60.2325272340786
65.3338918361739
25.7534828412615
45.1297180884124
58.5108589538182
61.1676233093374
28.4208950445455
57.1884161500420
52.9075004370881
42.7167814950820
67.3164561239239
58.6991215973619
64.5134275469923
45.9856200610544
47.5745521632753
62.5795763245039
51.3845020802395
49.5951223318880
48.1044121105531
47.9781448908815
64.3980650322079
64.8844356803105
54.5686005321098
63.4863411172482
54.1572184379277
