66.5425290998129
67.9305594339714
68.1732723159631
69.3613420075973
64.0763622608546
63.9659319873007
67.4482188880474
64.0334026167848
54.4126485225403
65.8987758556374
66.3674976006458
54.1984751866297
67.9642292413436
60.6726611329807
63.4761992139974
57.7378578736168
65.6557382355394
62.3761532345707
68.0530750815278
68.2734853829927
57.9083828447744
68.0268229664041
48.3479492581457
64.8830127858420
66.1632875757038
63.5607733396153
59.5120871927630
63.0072230022140
58.3174122618413
62.0991988924767
67.6234321002990
