30.7256562728069
43.7713467979925
49.0305497114171
64.4954669517173
63.5623681288955
50.4705335337187
47.3029657631539
42.3196341214108
43.2952848591697
67.2127202143910
61.3751030291217
51.9733481054699
33.7508635790704
64.8989558482428
57.4964489016085
28.0641570889028
67.3061338210149
42.7819915502692
67.7238167375576
58.7422660568742
48.1985038080168
65.6816989201052
53.6424701869833
40.7718596374101
51.0592001068454
62.3546199497706
56.0558626414990
60.5794287108768
47.1225598137654
58.9736928499694
55.3579529059177
