63.7734389724476
61.4936981853262
62.1501438215346
64.6089823202946
63.7428189118597
62.3940007060155
65.5159828717588
59.4324848572346
61.8147946019780
60.9925135292185
55.0789739626217
57.2259370811705
67.4802605911746
60.9417212543154
63.5470541902444
66.5306512588062
65.3072548811651
54.5370800156989
57.8474240194445
64.4371524188754
45.2062951687046
58.3250809158090
64.3818870198413
67.8359259695263
68.2853839125431
68.6474768926600
63.3617960113247
66.8940183189550
55.4364382253660
56.1399997522863
62.9106932747548
