66.6422674674956
66.9977764964614
59.4676445155222
67.0100518295408
58.8949826971397
64.5669494434476
64.1558715530552
58.7337590940742
68.1844403789499
59.6448553125099
58.8717442268303
64.2299807450108
65.6724303578407
59.3899213626875
65.3030057857757
64.4318073477033
67.2170094658202
59.2146378859649
56.9752443663497
63.3391737064285
53.8421543631323
56.4368222967439
67.6056994404354
59.7567541104965
65.2579828094718
64.5323004615078
57.7829888336310
67.1351683647990
59.3642028505113
62.4147362136857
59.9316134164355
