48.1021566026308
51.4386632514993
39.8924074468231
34.9129579415762
41.8860620691472
51.6501530382204
45.3812782727303
53.4175741074527
59.6705409433215
67.8220843723496
40.0915899622290
49.2920658383860
-11.4842756560203
35.1700647463999
56.5618415193266
15.5514660819566
45.7830049956397
36.8165065168775
-21.3104265912942
21.3282379320379
38.1251957535631
55.3458408901359
59.3384753129813
33.1260027036365
15.2284656086291
16.0875466947236
55.5320767300449
67.5531842578003
31.5619273808819
63.2808573838106
8.6185696291982
