44.7364795517574
64.1261737716870
58.2485564742003
42.1222590631877
55.9367360035131
48.7473235579472
59.7109446469538
49.8881264777694
47.1638831086865
34.9507516806453
51.3871045837277
27.8173535430729
42.7902994702492
32.8945063713868
63.5612272553882
55.3656583604152
67.3357174514755
28.3311207460916
40.7498995078823
45.5302052139668
36.4917711466273
48.4540278691768
30.0338547171614
54.7433914592466
52.7385814242642
29.6759500318168
55.4611130603277
41.8541913180906
40.4001274063184
42.5704940968700
36.4559261363915
