67.2324026059350
54.1257204857443
55.9258239221601
20.2771789533985
47.4433556172302
54.3261395196666
53.6754773764871
35.5329878883747
56.0733115188964
39.7975512046872
29.8980478950057
37.1778044991629
64.6231877021055
56.1229029499133
29.0348879057975
65.8128739906448
61.5235367070733
44.1956360746575
64.1487414112743
48.7464744200397
62.7662160306211
56.5340075485269
20.9380428490893
34.0237873063528
46.7403516192099
41.9698413360069
19.5122773576537
66.2295793235457
44.8133449568321
33.6867193829179
56.1835699021649
