34.8322788114044
29.5882353857280
47.3872915270334
28.3737925176773
30.6398707667134
50.9552579538653
19.8301630320732
49.4926471546965
33.6465098673578
49.3340787726212
50.0369683113924
31.8280716525245
34.7736053994719
46.1914697161083
48.0080255268500
44.8049632377937
60.9789601469697
26.9911041719559
29.2927535057068
-26.7693431373519
40.9752136322679
47.7034367098694
43.1107147070785
57.3244995438450
12.4495395553828
38.5236799793892
36.1812734261832
59.7634692117016
-33.2257692465645
53.3851989745426
48.5587434086098
