64.9227089432534
40.6272315795481
65.9081329585545
49.9618730060135
45.8131488254805
42.2449768524560
48.3429545430713
47.9027817876764
43.7324773484472
38.8407373815327
48.7247041040976
40.2571606293204
41.9702254491964
36.7133408153254
51.6113690946754
62.5281427986901
39.8274030508997
53.9513802905683
53.7261736382548
49.7021121552901
45.0725251680398
41.9720565317989
48.2038794853188
60.6253921138526
42.9330675057114
46.3705280474407
42.3862850484588
21.2785806155615
29.2749289094992
48.7599252809217
37.8069019831026
