43.3449264417761
-225.5479309036804
30.3362250369228
-1.2146290862303
34.3942543519058
-109.0410801666849
-209.9197484917939
-162.1187931181816
-239.8509132124801
-277.9721541549126
-196.9775190407586
27.4728934697894
44.5273165009019
-125.5153529863150
47.1178420320108
56.2945316654274
-206.5575012281758
33.9719837606180
25.7472071918970
-192.0673899692526
-206.3269527466325
-168.5501862359606
46.0961459401149
-105.0258281439350
11.8196256989240
-93.4881002937874
-187.5395857183881
24.7507333083179
-133.1664969566610
-160.2420020268094
-188.9553388529850
