29.7333974866107
47.3725113677597
59.7302644579652
51.2672282948605
48.1743068744882
45.3766704981707
39.0404837486238
46.7575195970437
50.0466512434243
60.5065420051697
43.4868315552086
52.0756087757771
42.2489079042807
34.6378671645740
67.8993741011534
58.8832372829478
56.5194858721155
33.6330312419489
51.6664439540107
16.1975375351417
45.3265110985848
66.6397687764853
52.3611934757017
55.9388805524728
38.2228838464194
50.7688288300616
48.7635006411199
52.2525134459478
-15.2891923874313
65.1931107975788
61.0392423777760
