16.9472188247878
55.8288997907086
30.1971144323993
49.6155715108318
37.3968327677188
48.2852493455716
37.1419609527599
52.2455185757970
30.1912671095461
34.7267454365192
60.1664686438142
47.4592340869913
52.9213502341729
30.4362964721703
30.0161591680100
67.6751321256612
61.5520786623794
36.4417369378853
47.5699800314207
47.4738755025694
53.0916671719017
50.2955156649506
28.9367305476206
35.4648549480298
30.9357757067783
52.1604700802830
29.2688562891858
31.7191201012485
41.2838637377144
48.1369405939175
68.0642915027217
