18.3811903803196
43.4206543700130
49.5233171929663
61.2604781347143
31.1964120338743
59.6920375520184
39.0462820410390
53.5182153742047
35.0821400844179
46.8665495646567
67.1513126612569
59.0381454007609
44.3729670743356
50.4078850920679
42.5611017007807
61.5491646215601
62.0955347794573
34.3376563856964
55.8602866154550
50.4807021692198
34.9817307497279
41.4279678550153
45.5134048518157
38.8244245653184
42.5586486843306
44.9775014356427
55.3199558961273
47.0388381568494
28.2504852507011
46.0336293952872
62.7537497321045
