44.1800263543407
40.5752159840882
59.3852637024458
55.7440642698302
57.7711408112365
58.7249635507115
58.7097868536562
33.8058120488338
67.1676363991610
35.9655742314162
36.6554878005874
34.3708229427663
64.6113121742505
46.9248960718134
30.8338483290907
51.7123267902303
68.8711657824115
32.9295189193680
61.4681823690876
46.7544825305416
34.6313122076302
50.8746131515613
33.1507339848957
32.4714327924268
59.4521868941373
57.8854247608559
38.7097557914513
29.1529751735280
60.2896015521335
44.4672308846269
40.8874155696501
