37.9527165545874
61.4107270948357
31.2452633400992
50.7863557562710
28.3418924736014
57.1768905319277
37.2481093592212
61.5405510669156
39.0721781265080
55.8221926745537
40.4876111828416
35.0507351759785
59.9171360968788
31.6188683540130
43.1407882326389
55.1419746160345
42.5622937375837
34.4865814705011
59.5811771045957
64.7259082299206
62.7802972960695
63.9802248975310
42.2077863031076
30.4041660955731
41.3708930372846
52.6023323466502
48.2012340377859
35.4624622654355
53.4247364170565
49.5718679482397
50.0737930093331
