52.0218801540128
67.6156537019959
68.6041515580455
67.1084410504481
65.5607666859450
64.7358898446392
66.2207945938122
61.5177757191438
58.6676217627955
69.5802069416456
65.5643005039769
58.6210747329013
56.7926118438442
66.0606841421898
56.2666031361814
56.0823406242118
61.6491142517233
61.9395572310781
63.9156576548971
65.2801980960584
59.1732320825382
67.3883380946068
61.4814767373192
56.7822188532846
68.4284652954058
63.3485473050520
65.0285668017344
64.1798215042087
61.4818162361363
62.5472661203502
67.7617514365351
