11.7578926909314
30.1027127116101
26.1383019080919
37.2827211551015
63.8986092031580
41.5203771667232
28.6136893267397
50.8703563290179
61.0529631557500
6.3171780470320
5.0999082803179
8.5338340140612
34.4632953884313
22.7345956448902
44.9370272067776
28.2452101907163
23.1301794237758
22.7740899240134
23.0497306968370
48.4735097152970
30.1685240633117
44.6205554991762
23.9437658735723
-0.5343636362469
58.4612013349148
28.3741145733263
26.8309742741459
54.5362879742539
5.3941430028315
19.0915333919057
39.1437976191776
