53.4943900955174
38.6557723787682
38.4540684320566
56.9656378506331
57.5969063134086
41.9586310653325
45.2613687029751
41.9305326977264
65.0202312583275
57.1380372932963
49.3056110402049
28.2181149387680
20.0574994642446
39.9029948141245
58.1641272583553
55.3547260945451
60.3455276074569
33.8216044052234
58.0286134789776
41.5243650471742
53.6175139286244
57.6384730145859
31.6143106463093
33.6280686045299
61.5671894048774
54.3990414440271
43.3250875731109
60.9961555198701
56.5552295365726
35.0485515128169
45.7289148360256
