43.9465877385184
55.4922144243432
53.3973618407841
50.6575899679640
48.0435445407225
53.0813948944689
30.8681670776810
51.8274205916265
46.9658520182955
55.5285897370113
48.5085096731416
29.8856972624619
50.2534880601930
24.2552826058934
46.3949376144203
45.3849911162155
51.2998435124775
53.2333405979815
51.5179703044253
62.0655160471544
43.1324173448235
38.1820166805071
25.9908911130714
46.8657355388987
56.7489247953364
57.6660817433194
33.7550812278490
56.5993004875051
42.7069256631033
61.7133528515762
34.0866957856888
