47.7474866305436
47.1667702323450
63.7554823060377
25.7844714050012
26.2430455771709
25.8990066913289
56.1164995459225
52.8076656867463
51.1297508356815
44.3541177993960
33.1798244195973
55.5457712460881
36.0510914556502
53.3656775742267
61.5806714778669
42.8053520999579
52.2639526635366
20.9028838402556
49.5617693279830
61.6635066640453
54.8863573315180
31.0707055174672
55.2617261973786
60.9922853550670
33.8779871965960
49.7566526177293
29.0577120921896
44.7091186162778
44.5089773803554
36.7452128098441
51.7659943364245
