49.4928914882811
59.2426016433797
46.0190680367790
30.3509382207955
57.8928481676684
50.6093217832020
59.7082617961996
30.5803231224946
36.4696370233837
61.4131470331232
61.0944547322134
41.4815274201020
54.6225625895202
40.7923331807709
57.9649326464760
65.2740414537283
51.5030461733009
29.1833381403804
58.2867232019511
53.8865668203543
41.0358427351667
23.9797259516957
61.6504156133157
57.4520799959265
52.1606830865766
68.3045785005884
47.7220011887275
60.6531269226707
26.2938013123084
57.7879347169142
53.9130559422965
