58.0477404935931
64.3347091733037
58.7494397249064
49.3908197023052
63.3713212205463
54.8785319060888
22.1542980280061
47.9206759516212
49.4099138616043
33.5897409515999
24.8807463945710
23.4430984389466
42.7996109295525
42.2993549831636
56.0520028615313
41.0598219067697
45.3713847581285
29.8129207539802
44.9492568904305
43.5014438126289
53.6064634450012
53.4268859307970
14.9324903226899
27.6146684842616
59.3931974238577
57.5524112199629
33.3679652787424
62.3847904846020
18.4064631339968
52.3642071823918
58.7485606828281
