8.0362757410970
29.8943831379744
28.2830816158510
46.8465744450787
44.8283011961802
44.3585851071531
53.6374223466527
64.3273620760538
20.5908507533936
44.9593192108392
62.8365828258423
22.8345329418612
23.0405230892217
18.5163565995937
52.8131352228548
40.2033522058869
55.2703505424707
46.3613967272302
15.8118208161203
48.9533381260757
54.3956910621852
39.4466415355690
55.0084846342243
38.0664932435109
50.6274932508618
38.0898816095276
18.7113967341669
34.7168594986466
16.9265627820706
53.8345986577964
22.7265109086942
