64.8501960395725
35.3264377675331
63.8519268505322
65.1812316340456
41.4273774228846
40.9749365043194
42.2027879126978
34.9744742645990
32.8089155056810
55.5187811290416
54.2484707625776
29.0447862078236
50.6776301111643
59.6055576367924
61.2515005795479
60.0788025346528
45.7870307494325
37.1599163976105
33.3795073868311
64.0679644947786
46.3483295409342
21.2238741183609
47.3583040089268
63.0084013957572
50.5084099224558
54.8793565316488
57.2952264185009
60.6102068604916
43.1672999336810
51.3122190255883
50.1133419885269
