54.5289378969871
59.4801189134443
45.1061755010950
40.4208278040421
54.0886051542632
51.8758851805788
44.7297960245002
29.9225104021473
52.7517127400119
52.2200655119007
52.8798328288057
47.8177103171457
29.9234472379063
62.5144335154509
45.1632760632975
49.8251744827150
59.3917653053533
33.1173096234520
61.6004577085198
67.7233342253970
65.4029264763758
47.3876786849353
32.9143735854509
32.5212253676221
60.2082084292743
40.8803112584825
33.4087147745485
57.4578003857574
32.5497660168224
32.7332266506890
51.1591275095449
