42.9773117416691
38.0700436228920
44.3894068878057
32.4089506396443
58.5971087092046
42.1772672203070
39.2003987641479
55.4460638315479
59.9928239466796
41.6932030904570
36.9688577200236
33.5479343036210
39.6439480913835
31.3065733109427
54.1103432065663
61.4413040515734
57.4471796584086
41.8286379775591
50.3951241667848
33.0402269819986
35.2237347647269
62.2439235203187
30.6873761281432
46.8680402040420
63.5184655226602
56.2782715698390
62.7800446422474
57.4805958690584
34.5490067844006
51.2677844104527
56.0627779987610
