47.9758872120346
53.0719422182353
65.8453645801315
54.5667667101995
44.9952520759985
28.6570935477949
44.5399056451950
35.6347079646378
24.9144914187879
66.0899586025403
65.3873948265209
55.2913553202191
32.5014216860689
60.5954163046469
53.3497051521085
59.4521700007385
34.5606338705925
26.5459281274133
51.2582516278017
44.0045606467513
44.9254731663670
60.0422534175541
33.8481163826549
61.5821643991658
44.0076087534614
37.2302096415257
24.5785337735894
47.6733386699018
43.7799471525908
42.6598027732782
25.5968635487499
