35.1219849936155
56.4552647260904
55.8714227367904
27.0876282079644
34.3163807799565
58.2224378217448
49.8674572739858
52.6765279430715
54.5217322491267
53.4817697023907
26.9979411581432
50.8748808291413
46.4204187604858
64.7477109460640
51.6020200929168
54.9120983858876
65.4103241260805
28.6988426565116
54.7493867629966
63.0339833108708
54.2763975481904
48.3007451419983
46.8537868079011
53.9407466786830
55.0478566966274
55.3242717096023
47.9437555047101
43.8074546761637
40.4651032989753
39.8659525403695
52.8764578121459
