52.4578808832952
56.2049458493179
53.5633408014876
47.9693704455246
64.3736819155761
52.1099138623086
37.8008465805362
25.4337515594909
62.4121929053378
53.3821649942345
62.4899715223039
58.9976282706012
41.5655192772442
62.2977510380931
54.8227705522225
44.9134168217357
61.0513008882143
45.3229682732416
50.4970096276513
50.0244516787987
54.5863940890567
36.4995698699251
38.6878387118454
37.4250748209696
52.8920782353178
61.7808714750854
50.1118775367683
65.7134469520678
51.4357828760192
55.3973732417704
58.0979083900937
